0 0.10819425279052074 0.19335713480649086 0.19682465897518292 0.09330383662125866 0.14461741173574652 0.22408470376384873 0.19004923350255043 0.2426864632740822 0.14054038697844937 0.3250985887732245 0.19747368607038931 0.22619496952743004 0.12587671619478624 0.11066378788028443 0.12880268189347707 0.14742430067889065 0.20257616438561696 0.3523932046870675 0.16181623429773548
0.10819425279052074 0 0.18355224276141172 0.18244760539089375 0.12656847745800884 0.10670008035344285 0.20481261182519386 0.1713398684470319 0.229025557233321 0.1326716253613319 0.30484968044518385 0.14705326404485763 0.1687880446477047 0.14756010947823678 0.12189426305045994 0.12128712871287128 0.1370108580979601 0.18823195679662977 0.3256513152925597 0.19317714375912057
0.19335713480649086 0.18355224276141172 0 0.12676287276222156 0.1812279253687151 0.14586021710084246 0.18521830433561043 0.0876678791954177 0.1223860246001191 0.10926659430456298 0.18549168041008796 0.14585425389314682 0.14845826431929884 0.16188181372364288 0.19701164726187784 0.15445249695777327 0.09030226390613454 0.11219303241938461 0.20748612602678365 0.19813082355386885
0.19682465897518292 0.18244760539089375 0.12676287276222156 0 0.20858000378158997 0.19851438285173437 0.2643539452259904 0.1499623498265584 0.14410785997467265 0.10009066184999059 0.19959902580316788 0.2110687091920543 0.2203080505769775 0.12394233388015402 0.21680736791587296 0.16464783901129437 0.11063295809170975 0.1307450567731338 0.21455347823036308 0.11646897621909735
0.09330383662125866 0.12656847745800884 0.1812279253687151 0.20858000378158997 0 0.14009990605678513 0.2265754209866143 0.2113455911751329 0.24841337172292613 0.14133305066751467 0.34680273696701525 0.2046603354613048 0.23892205404045275 0.16234741084265966 0.10222398704371127 0.12656847745800884 0.14348174564686575 0.2210284116233248 0.3764776679185474 0.16061553388573382
0.14461741173574652 0.10670008035344285 0.14586021710084246 0.19851438285173437 0.14009990605678513 0 0.1395133023385238 0.15142490000733483 0.1878500992139258 0.14012631150083416 0.28108304781676674 0.11888597930022943 0.1483462088532792 0.2012773389820676 0.06759839928885704 0.11414427200600863 0.1140713839869875 0.1779780455442326 0.30976639101002196 0.2503372109462501
0.22408470376384873 0.20481261182519386 0.18521830433561043 0.2643539452259904 0.2265754209866143 0.1395133023385238 0 0.18415309414363143 0.2915470509365764 0.21613840000645868 0.3513394002891336 0.1534815839334996 0.16679045480057408 0.26431378673236 0.14856709319228528 0.14967075479533398 0.19215028618582214 0.2859069339990499 0.37490134138087045 0.32238517073324735
0.19004923350255043 0.1713398684470319 0.0876678791954177 0.1499623498265584 0.2113455911751329 0.15142490000733483 0.18415309414363143 0 0.14412225794850564 0.13594297632883312 0.19881764293254983 0.11233433657354262 0.1179323766708938 0.20049646876252655 0.2125955254078607 0.16232198063403022 0.12267531171524289 0.14611612635561852 0.21571301074468277 0.23173511381039483
0.2426864632740822 0.229025557233321 0.1223860246001191 0.14410785997467265 0.24841337172292613 0.1878500992139258 0.2915470509365764 0.14412225794850564 0 0.15543801940408383 0.11554900713687273 0.21147618777804325 0.2119912561699693 0.20551008362602774 0.24432958605746202 0.22694350671301808 0.15235973401060854 0.08456315371377382 0.13540417326171914 0.1763618001838712
0.14054038697844937 0.1326716253613319 0.10926659430456298 0.10009066184999059 0.14133305066751467 0.14012631150083416 0.21613840000645868 0.13594297632883312 0.15543801940408383 0 0.23054307793439507 0.18388207078307853 0.20360012350140916 0.10418927964135324 0.15886812499586647 0.13030248919416526 0.0889066720017784 0.1351219824090236 0.2585618297205187 0.1352896353743938
0.3250985887732245 0.30484968044518385 0.18549168041008796 0.19959902580316788 0.34680273696701525 0.28108304781676674 0.3513394002891336 0.19881764293254983 0.11554900713687273 0.23054307793439507 0 0.2542460336949809 0.24081940762836127 0.2721779532070292 0.33518642709598734 0.28791358708711806 0.22244651924850684 0.1382234425873802 0.06892683604768168 0.24715708768629688
0.19747368607038931 0.14705326404485763 0.14585425389314682 0.2110687091920543 0.2046603354613048 0.11888597930022943 0.1534815839334996 0.11233433657354262 0.21147618777804325 0.18388207078307853 0.2542460336949809 0 0.06425118829507878 0.20861521871080327 0.16898908915360314 0.14468143720542445 0.13796184970725944 0.20906204822990312 0.28367724189334126 0.2392831392082098
0.22619496952743004 0.1687880446477047 0.14845826431929884 0.2203080505769775 0.23892205404045275 0.1483462088532792 0.16679045480057408 0.1179323766708938 0.2119912561699693 0.20360012350140916 0.24081940762836127 0.06425118829507878 0 0.22370439441812834 0.1938097325066809 0.17110020964287873 0.1561836824070781 0.21179550426665705 0.2765415154801303 0.2508689583020522
0.12587671619478624 0.14756010947823678 0.16188181372364288 0.12394233388015402 0.16234741084265966 0.2012773389820676 0.26431378673236 0.20049646876252655 0.20551008362602774 0.10418927964135324 0.2721779532070292 0.20861521871080327 0.22370439441812834 0 0.19516261658241857 0.16207421860724366 0.14524575470322967 0.17350391393443004 0.3037875346190651 0.0897897978870584
0.11066378788028443 0.12189426305045994 0.19701164726187784 0.21680736791587296 0.10222398704371127 0.06759839928885704 0.14856709319228528 0.2125955254078607 0.24432958605746202 0.15886812499586647 0.33518642709598734 0.16898908915360314 0.1938097325066809 0.19516261658241857 0 0.11930076809193951 0.155721909993009 0.21291245292255528 0.3605951542040354 0.22955756525380816
0.12880268189347707 0.12128712871287128 0.15445249695777327 0.16464783901129437 0.12656847745800884 0.11414427200600863 0.14967075479533398 0.16232198063403022 0.22694350671301808 0.13030248919416526 0.28791358708711806 0.14468143720542445 0.17110020964287873 0.16207421860724366 0.11930076809193951 0 0.10449980702386788 0.17967595876041934 0.32195073216423514 0.21437951319609722
0.14742430067889065 0.1370108580979601 0.09030226390613454 0.11063295809170975 0.14348174564686575 0.1140713839869875 0.19215028618582214 0.12267531171524289 0.15235973401060854 0.0889066720017784 0.22244651924850684 0.13796184970725944 0.1561836824070781 0.14524575470322967 0.155721909993009 0.10449980702386788 0 0.12241224411591284 0.24996948800867383 0.18786468714025686
0.20257616438561696 0.18823195679662977 0.11219303241938461 0.1307450567731338 0.2210284116233248 0.1779780455442326 0.2859069339990499 0.14611612635561852 0.08456315371377382 0.1351219824090236 0.1382234425873802 0.20906204822990312 0.21179550426665705 0.17350391393443004 0.21291245292255528 0.17967595876041934 0.12241224411591284 0 0.16948766013240013 0.17100673853987577
0.3523932046870675 0.3256513152925597 0.20748612602678365 0.21455347823036308 0.3764776679185474 0.30976639101002196 0.37490134138087045 0.21571301074468277 0.13540417326171914 0.2585618297205187 0.06892683604768168 0.28367724189334126 0.2765415154801303 0.3037875346190651 0.3605951542040354 0.32195073216423514 0.24996948800867383 0.16948766013240013 0 0.2641524730838983
0.16181623429773548 0.19317714375912057 0.19813082355386885 0.11646897621909735 0.16061553388573382 0.2503372109462501 0.32238517073324735 0.23173511381039483 0.1763618001838712 0.1352896353743938 0.24715708768629688 0.2392831392082098 0.2508689583020522 0.0897897978870584 0.22955756525380816 0.21437951319609722 0.18786468714025686 0.17100673853987577 0.2641524730838983 0
