0 0.24019785433020224 0.13883775976137913 0.21968453169866853 0.2066398564396463 0.1686429521580531 0.14427134665777847 0.09638685546964625 0.1583251240952809 0.21152003782532297 0.19386152572449927 0.25268926308070755 0.33601128952972426 0.19041906797724903 0.220293921306753 0.1521645908264557 0.15496630045051207 0.11244606854352143 0.15011567321626632 0.1784460429430139
0.24019785433020224 0 0.18861019800603443 0.07004008074910367 0.063622694112709 0.16639991096882387 0.158871534369591 0.2087223854351221 0.2199649875286304 0.14729992676995107 0.09899333531919738 0.0732810604512166 0.12346659162580131 0.14853885666195907 0.10805287240093267 0.1558606181677323 0.11971584244709707 0.2370345154772602 0.1575585239687277 0.11401508804485434
0.13883775976137913 0.18861019800603443 0 0.20987254476174447 0.13953791822449063 0.160656304169424 0.12938783167077933 0.16666958396419915 0.12478429664687449 0.15507905630576335 0.14337661262416473 0.1737747698907368 0.25963533415359835 0.18932742231164235 0.121733610582734 0.11684245427619631 0.1523991491174934 0.18428101053232232 0.12396871300865964 0.08273096666378213
0.21968453169866853 0.07004008074910367 0.20987254476174447 0 0.0820190674130034 0.1648844399721693 0.14917626495679792 0.1794444648728072 0.2233750407717456 0.12043174029949445 0.10342891919771316 0.11359384125890634 0.15225238786599257 0.1351843999906833 0.12927104075560375 0.15982861412984076 0.08963694521970675 0.19966389264189968 0.15572987591929977 0.13055815934174678
0.2066398564396463 0.063622694112709 0.13953791822449063 0.0820190674130034 0 0.14942866877395805 0.1351005227938715 0.18163186682004884 0.1795483721021394 0.1528912566542245 0.08918011710705724 0.07960052331324946 0.1557305152132862 0.13297784780829267 0.07103113951832561 0.12382923340566032 0.09467437205692304 0.21747477044598462 0.13398397040269386 0.0611438652867628
0.1686429521580531 0.16639991096882387 0.160656304169424 0.1648844399721693 0.14942866877395805 0 0.06130394790314906 0.1485514727184148 0.23482955200813344 0.26563176954588696 0.22731815884262235 0.1946732407445686 0.19354392692646488 0.07730612203034899 0.17495471432984563 0.07395253530776962 0.10346189862428778 0.16719545907696245 0.0891693660268209 0.1704078330282387
0.14427134665777847 0.158871534369591 0.12938783167077933 0.14917626495679792 0.1351005227938715 0.06130394790314906 0 0.1244318908357459 0.20540126391764954 0.2349625638813937 0.21026714496067256 0.18440071056554697 0.21522713221107423 0.08929083248457936 0.1653363926472701 0.05047388373952141 0.08099902466258704 0.15266574751290932 0.06431756748936501 0.1516135589838168
0.09638685546964625 0.2087223854351221 0.16666958396419915 0.1794444648728072 0.18163186682004884 0.1485514727184148 0.1244318908357459 0 0.16196710748985252 0.21087418958919332 0.1978712524342311 0.25234711529152504 0.30855753707082234 0.1519948753872004 0.22546978384132965 0.12972071857078354 0.1143802454374855 0.06114694334415147 0.15996751357022473 0.18072078779122708
0.1583251240952809 0.2199649875286304 0.12478429664687449 0.2233750407717456 0.1795483721021394 0.23482955200813344 0.20540126391764954 0.16196710748985252 0 0.1407833342752369 0.15260098326341637 0.2369084673255628 0.32398412557033 0.21962120291317247 0.18227017069026075 0.1947519925924908 0.15756959952401375 0.17032952867191262 0.2222222222222222 0.13439759959401174
0.21152003782532297 0.14729992676995107 0.15507905630576335 0.12043174029949445 0.1528912566542245 0.26563176954588696 0.2349625638813937 0.21087418958919332 0.1407833342752369 0 0.09340920659105947 0.17433023624430272 0.25046578090536137 0.21947767376677527 0.17398464090446394 0.22964002952146598 0.17494559627233358 0.19965425902673836 0.23733588919963308 0.13390897492450224
0.19386152572449927 0.09899333531919738 0.14337661262416473 0.10342891919771316 0.08918011710705724 0.22731815884262235 0.21026714496067256 0.1978712524342311 0.15260098326341637 0.09340920659105947 0 0.11814159830197088 0.19835151638909726 0.19208259731129929 0.09603317020768763 0.1970102418273921 0.1438916593394819 0.22120036457461562 0.20650481317238437 0.08714565283940452
0.25268926308070755 0.0732810604512166 0.1737747698907368 0.11359384125890634 0.07960052331324946 0.1946732407445686 0.18440071056554697 0.25234711529152504 0.2369084673255628 0.17433023624430272 0.11814159830197088 0 0.10189586696693559 0.18429334789223914 0.08586981832208077 0.17788297281421248 0.16087543241457852 0.26772955586007186 0.1717932745518701 0.10909943117770268
0.33601128952972426 0.12346659162580131 0.25963533415359835 0.15225238786599257 0.1557305152132862 0.19354392692646488 0.21522713221107423 0.30855753707082234 0.32398412557033 0.25046578090536137 0.19835151638909726 0.10189586696693559 0 0.19220582941123926 0.16713864675166293 0.2146445494763686 0.20858096111652294 0.31918226192230525 0.2049781918641042 0.19501471974309056
0.19041906797724903 0.14853885666195907 0.18932742231164235 0.1351843999906833 0.13297784780829267 0.07730612203034899 0.08929083248457936 0.1519948753872004 0.21962120291317247 0.21947767376677527 0.19208259731129929 0.18429334789223914 0.19220582941123926 0 0.15083368981459497 0.10812184379589895 0.08864412368575221 0.14808930696666717 0.12880418773372773 0.151097938100714
0.220293921306753 0.10805287240093267 0.121733610582734 0.12927104075560375 0.07103113951832561 0.17495471432984563 0.1653363926472701 0.22546978384132965 0.18227017069026075 0.17398464090446394 0.09603317020768763 0.08586981832208077 0.16713864675166293 0.15083368981459497 0 0.1523573025205956 0.14459856083426878 0.23939078372719946 0.15225781326736643 0.07229928041713439
0.1521645908264557 0.1558606181677323 0.11684245427619631 0.15982861412984076 0.12382923340566032 0.07395253530776962 0.05047388373952141 0.12972071857078354 0.1947519925924908 0.22964002952146598 0.1970102418273921 0.17788297281421248 0.2146445494763686 0.10812184379589895 0.1523573025205956 0 0.09604093777788782 0.15347052772022646 0.06048522393769461 0.1377978672465347
0.15496630045051207 0.11971584244709707 0.1523991491174934 0.08963694521970675 0.09467437205692304 0.10346189862428778 0.08099902466258704 0.1143802454374855 0.15756959952401375 0.17494559627233358 0.1438916593394819 0.16087543241457852 0.20858096111652294 0.08864412368575221 0.14459856083426878 0.09604093777788782 0 0.16304185232224666 0.10092693302845326 0.10103092783505155
0.11244606854352143 0.2370345154772602 0.18428101053232232 0.19966389264189968 0.21747477044598462 0.16719545907696245 0.15266574751290932 0.06114694334415147 0.17032952867191262 0.19965425902673836 0.22120036457461562 0.26772955586007186 0.31918226192230525 0.14808930696666717 0.23939078372719946 0.15347052772022646 0.16304185232224666 0 0.18810803166460385 0.2089691346665415
0.15011567321626632 0.1575585239687277 0.12396871300865964 0.15572987591929977 0.13398397040269386 0.0891693660268209 0.06431756748936501 0.15996751357022473 0.2222222222222222 0.23733588919963308 0.20650481317238437 0.1717932745518701 0.2049781918641042 0.12880418773372773 0.15225781326736643 0.06048522393769461 0.10092693302845326 0.18810803166460385 0 0.15036053287912424
0.1784460429430139 0.11401508804485434 0.08273096666378213 0.13055815934174678 0.0611438652867628 0.1704078330282387 0.1516135589838168 0.18072078779122708 0.13439759959401174 0.13390897492450224 0.08714565283940452 0.10909943117770268 0.19501471974309056 0.151097938100714 0.07229928041713439 0.1377978672465347 0.10103092783505155 0.2089691346665415 0.15036053287912424 0
