0 0.07973465930221145 0.06829161041977508 0.2544222943496852 0.27035339509168305 0.07083119367334174 0.1966797493645781 0.19290848214567313 0.0927861601920179 0.1855360864052888 0.23559073814636028 0.17997984338624792 0.0776898403384244 0.08763875709843255 0.14720916571171747 0.22537041205919311 0.2458678260861499 0.13719289034052043 0.15349989185754773 0.039867329651105725
0.07973465930221145 0 0.06851887098275317 0.2769939777627199 0.25560386016907755 0.08528028654224418 0.21312100025024178 0.18249041699107924 0.11457837984630925 0.21523999905036553 0.2148861237401014 0.18057877962865382 0.09743547036924463 0.08793040102298588 0.17133089546754343 0.20996894180268455 0.2361887464866651 0.16059101370939324 0.16585768577254587 0.08
0.06829161041977508 0.06851887098275317 0 0.30143617346101875 0.2948733169803149 0.051128953320902185 0.17036612039838556 0.22734613340728335 0.07360107399470765 0.2391567847339445 0.2484633586814765 0.2103419197611787 0.12017103162073454 0.10973910070033625 0.19430730243145122 0.24900291058436566 0.2805120283003653 0.11789480302867993 0.18872990494358552 0.06851887098275317
0.2544222943496852 0.2769939777627199 0.30143617346101875 0 0.13599179824199534 0.312645782568716 0.4244219409443954 0.13065184034511212 0.32087567388934524 0.12322136496627382 0.1312988871634913 0.14221154898014454 0.2169707017692366 0.20467387853468902 0.15402069370938293 0.12281174261715909 0.12828011841594508 0.3862647210335243 0.14477388694744775 0.24983770543304148
0.27035339509168305 0.25560386016907755 0.2948733169803149 0.13599179824199534 0 0.32252099115263094 0.45086645978856477 0.10384843419692275 0.34180240695512076 0.1820722822506189 0.06725598700988568 0.18368456044596923 0.25413145248743574 0.2064062748461344 0.16641894900614748 0.07582729173680425 0.08213708208229557 0.4009030265077657 0.16222142113076254 0.2660366707882236
0.07083119367334174 0.08528028654224418 0.051128953320902185 0.312645782568716 0.32252099115263094 0 0.15987286084291477 0.247590557648841 0.0381690510345287 0.24805038911307478 0.2748832530976198 0.21816397599422177 0.11771543512662327 0.13390588919669064 0.20783098247731716 0.27548017726007273 0.302133659676544 0.0978231976089037 0.20837718836662267 0.07106690545187015
0.1966797493645781 0.21312100025024178 0.17036612039838556 0.4244219409443954 0.45086645978856477 0.15987286084291477 0 0.36666367870243455 0.14414027834661763 0.3512733270968805 0.4070821833901123 0.3349631697233433 0.24611016183639953 0.2602752085892171 0.3077826283325189 0.4015917131914238 0.41636597373320394 0.10865180150141643 0.3226184069419885 0.19733425949096461
0.19290848214567313 0.18249041699107924 0.22734613340728335 0.13065184034511212 0.10384843419692275 0.247590557648841 0.36666367870243455 0 0.2732485768609379 0.13511285516414 0.07575558994974681 0.13980441064194707 0.1939749776444225 0.14066698046093923 0.11761597451032105 0.06252243314993773 0.07836760515445784 0.3298546958779349 0.09827090336950417 0.18802042962717255
0.0927861601920179 0.11457837984630925 0.07360107399470765 0.32087567388934524 0.34180240695512076 0.0381690510345287 0.14414027834661763 0.2732485768609379 0 0.2561999658298462 0.29430152329437004 0.22630151254894387 0.11861748230375568 0.1484252032673434 0.2157697494471365 0.2891574659831201 0.32136272143567646 0.09035841064985976 0.22906251467128 0.09309493362512627
0.1855360864052888 0.21523999905036553 0.2391567847339445 0.12322136496627382 0.1820722822506189 0.24805038911307478 0.3512733270968805 0.13511285516414 0.2561999658298462 0 0.15469448709141417 0.11030044641507294 0.15303899590356745 0.15345518458934385 0.10826036775382741 0.1503325233570597 0.1602976842281431 0.32029908545149377 0.11888249811024725 0.18615351269220803
0.23559073814636028 0.2148861237401014 0.2484633586814765 0.1312988871634913 0.06725598700988568 0.2748832530976198 0.4070821833901123 0.07575558994974681 0.29430152329437004 0.15469448709141417 0 0.14066404319243284 0.20937530542440488 0.1670185071820952 0.1333015986349585 0.047722455010354624 0.06344210525444119 0.3574123688791589 0.12887864867149365 0.23100258302060903
0.17997984338624792 0.18057877962865382 0.2103419197611787 0.14221154898014454 0.18368456044596923 0.21816397599422177 0.3349631697233433 0.13980441064194707 0.22630151254894387 0.11030044641507294 0.14066404319243284 0 0.13489330054396909 0.12475857828491296 0.09601672970549001 0.13610848558694372 0.15164684658696345 0.29689789495803276 0.10161735558713256 0.17455948697436535
0.0776898403384244 0.09743547036924463 0.12017103162073454 0.2169707017692366 0.25413145248743574 0.11771543512662327 0.24611016183639953 0.1939749776444225 0.11861748230375568 0.15303899590356745 0.20937530542440488 0.13489330054396909 0 0.0856753998343094 0.13239836101354188 0.22032147423436899 0.24035968792510512 0.19372799281145817 0.15006105797059355 0.07794837629539571
0.08763875709843255 0.08793040102298588 0.10973910070033625 0.20467387853468902 0.2064062748461344 0.13390588919669064 0.2602752085892171 0.14066698046093923 0.1484252032673434 0.15345518458934385 0.1670185071820952 0.12475857828491296 0.0856753998343094 0 0.09462129453823975 0.1572368821174569 0.17801289596304692 0.20893068104514712 0.10603114424684786 0.08164965809277261
0.14720916571171747 0.17133089546754343 0.19430730243145122 0.15402069370938293 0.16641894900614748 0.20783098247731716 0.3077826283325189 0.11761597451032105 0.2157697494471365 0.10826036775382741 0.1333015986349585 0.09601672970549001 0.13239836101354188 0.09462129453823975 0 0.12404885110147054 0.14419072557269252 0.27107588357508267 0.0997378763512518 0.13588312399149996
0.22537041205919311 0.20996894180268455 0.24900291058436566 0.12281174261715909 0.07582729173680425 0.27548017726007273 0.4015917131914238 0.06252243314993773 0.2891574659831201 0.1503325233570597 0.047722455010354624 0.13610848558694372 0.22032147423436899 0.1572368821174569 0.12404885110147054 0 0.05934121506983815 0.3520128456154134 0.12915851577343376 0.22073657984384784
0.2458678260861499 0.2361887464866651 0.2805120283003653 0.12828011841594508 0.08213708208229557 0.302133659676544 0.41636597373320394 0.07836760515445784 0.32136272143567646 0.1602976842281431 0.06344210525444119 0.15164684658696345 0.24035968792510512 0.17801289596304692 0.14419072557269252 0.05934121506983815 0 0.3853185038734673 0.13057906299265598 0.24668602410829465
0.13719289034052043 0.16059101370939324 0.11789480302867993 0.3862647210335243 0.4009030265077657 0.0978231976089037 0.10865180150141643 0.3298546958779349 0.09035841064985976 0.32029908545149377 0.3574123688791589 0.29689789495803276 0.19372799281145817 0.20893068104514712 0.27107588357508267 0.3520128456154134 0.3853185038734673 0 0.2921724278717876 0.13764944032233706
0.15349989185754773 0.16585768577254587 0.18872990494358552 0.14477388694744775 0.16222142113076254 0.20837718836662267 0.3226184069419885 0.09827090336950417 0.22906251467128 0.11888249811024725 0.12887864867149365 0.10161735558713256 0.15006105797059355 0.10603114424684786 0.0997378763512518 0.12915851577343376 0.13057906299265598 0.2921724278717876 0 0.154010708217364
0.039867329651105725 0.08 0.06851887098275317 0.24983770543304148 0.2660366707882236 0.07106690545187015 0.19733425949096461 0.18802042962717255 0.09309493362512627 0.18615351269220803 0.23100258302060903 0.17455948697436535 0.07794837629539571 0.08164965809277261 0.13588312399149996 0.22073657984384784 0.24668602410829465 0.13764944032233706 0.154010708217364 0
