0 0.2457614431262892 0.2199019597145138 0.18738855868257723 0.1664967199857127 0.1687774259595004 0.16941810464930004 0.1434771789852867 0.07571614679303233 0.21504853252972847 0.14884326075426907 0.15480678800427464 0.22622586437282088 0.19615102388704556 0.2073541108818429 0.10140923928935458 0.21007844976513204 0.18980488300102538 0.10971920385042197 0.12687980473063806
0.2457614431262892 0 0.13707669396233552 0.16336916892359302 0.15388144135873733 0.09138024213987615 0.10470081350291517 0.24915981948240137 0.2930055659825559 0.11843311462705025 0.21370099112870417 0.13082896389798004 0.12694444745349806 0.08678944194496672 0.2117656380850597 0.1991668352946586 0.0727581924342292 0.3518064871659136 0.22724139639888846 0.24430470303135135
0.2199019597145138 0.13707669396233552 0 0.26148818018424536 0.059098084990415065 0.17534523369460037 0.18578012780785164 0.2857752207761493 0.1905246652387925 0.17638742908229155 0.11929367019343955 0.1551638898642594 0.21379070062847372 0.11488387004946839 0.11353548446197238 0.12238386597459477 0.068657873320293 0.2333044130911185 0.269729356320187 0.29801628624835663
0.18738855868257723 0.16336916892359302 0.26148818018424536 0 0.21554344252746807 0.08187150057867444 0.06950273211171173 0.120474968393765 0.21810566870347095 0.10610933595339568 0.22371864202202138 0.11426724077711344 0.07549838028293868 0.14644877379482424 0.2547541830498707 0.1603430254713553 0.21043882778268275 0.32951226167186143 0.10229915092057103 0.12119871123145932
0.1664967199857127 0.15388144135873733 0.059098084990415065 0.21554344252746807 0 0.14620056506090529 0.1489359100960087 0.25816321914760715 0.1566473120566432 0.14008196059634503 0.09870038443874608 0.10524719160646082 0.17362169873047206 0.09910166154189101 0.09968741283668653 0.08357731330372282 0.0868792808893384 0.2145472094303374 0.23291556639687272 0.2711050819410132
0.1687774259595004 0.09138024213987615 0.17534523369460037 0.08187150057867444 0.14620056506090529 0 0.036610562192174664 0.16318333600805654 0.20811253272216862 0.11724941381540009 0.1729348473966346 0.08003137845173552 0.08637838039744937 0.10000665746950321 0.21225021434898803 0.12326694446980699 0.1310272752140988 0.28586441193520185 0.14038740561021834 0.16340573406155784
0.16941810464930004 0.10470081350291517 0.18578012780785164 0.06950273211171173 0.1489359100960087 0.036610562192174664 0 0.14460624327665716 0.21796297416092048 0.08053846763346813 0.16910869666558523 0.06341123333390415 0.06916823781899883 0.08380967584535486 0.20802542873860308 0.12422691056401389 0.1431297709923664 0.29314563136644667 0.12429456545765719 0.13871914988396253
0.1434771789852867 0.24915981948240137 0.2857752207761493 0.120474968393765 0.25816321914760715 0.16318333600805654 0.14460624327665716 0 0.2138401916008975 0.1440102536773131 0.2029364429304399 0.1678182670758458 0.1805188422187498 0.20376150301915918 0.2586473920411775 0.21480264195508836 0.27857967454767774 0.31269792933632407 0.07042563985065593 0.07026242841491784
0.07571614679303233 0.2930055659825559 0.1905246652387925 0.21810566870347095 0.1566473120566432 0.20811253272216862 0.21796297416092048 0.2138401916008975 0 0.26739847861717914 0.13726749262669477 0.19680330789779896 0.2711630722733202 0.2293714730430541 0.15223237833813208 0.10104096208023529 0.21796297416092048 0.13374951173198685 0.16215039209944185 0.1956950909641092
0.21504853252972847 0.11843311462705025 0.17638742908229155 0.10610933595339568 0.14008196059634503 0.11724941381540009 0.08053846763346813 0.1440102536773131 0.26739847861717914 0 0.15958747257379582 0.07195883765143939 0.08574929257125442 0.06916866636109963 0.18052539343986593 0.1954955307551783 0.13485510859557454 0.29508355326173763 0.13025873967333595 0.14439651668409834
0.14884326075426907 0.21370099112870417 0.11929367019343955 0.22371864202202138 0.09870038443874608 0.1729348473966346 0.16910869666558523 0.2029364429304399 0.13726749262669477 0.15958747257379582 0 0.12156613477096617 0.22953489598077764 0.17744262905473177 0.057216762861273376 0.08759772326742848 0.15393227516995578 0.15086068001879227 0.1962531371675178 0.22922730202450112
0.15480678800427464 0.13082896389798004 0.1551638898642594 0.11426724077711344 0.10524719160646082 0.08003137845173552 0.06341123333390415 0.1678182670758458 0.19680330789779896 0.07195883765143939 0.12156613477096617 0 0.12663257157906863 0.06526839499664958 0.15006667666284398 0.12899212389854242 0.11691446145938578 0.2367480801498171 0.11374988891617835 0.15058755525269069
0.22622586437282088 0.12694444745349806 0.21379070062847372 0.07549838028293868 0.17362169873047206 0.08637838039744937 0.06916823781899883 0.1805188422187498 0.2711630722733202 0.08574929257125442 0.22953489598077764 0.12663257157906863 0 0.10718842704841622 0.2527159148381973 0.16955874183822162 0.17110037776278658 0.34890309526147933 0.14869153683587708 0.14634225573209264
0.19615102388704556 0.08678944194496672 0.11488387004946839 0.14644877379482424 0.09910166154189101 0.10000665746950321 0.08380967584535486 0.20376150301915918 0.2293714730430541 0.06916866636109963 0.17744262905473177 0.06526839499664958 0.10718842704841622 0 0.15299020687951106 0.15391925727334713 0.07047631832450295 0.28758628883191645 0.1555982183480881 0.18880251013347152
0.2073541108818429 0.2117656380850597 0.11353548446197238 0.2547541830498707 0.09968741283668653 0.21225021434898803 0.20802542873860308 0.2586473920411775 0.15223237833813208 0.18052539343986593 0.057216762861273376 0.15006667666284398 0.2527159148381973 0.15299020687951106 0 0.11550735965855961 0.14452292943945055 0.1379948597872076 0.2513955439698005 0.28457621441850606
0.10140923928935458 0.1991668352946586 0.12238386597459477 0.1603430254713553 0.08357731330372282 0.12326694446980699 0.12422691056401389 0.21480264195508836 0.10104096208023529 0.1954955307551783 0.08759772326742848 0.12899212389854242 0.16955874183822162 0.15391925727334713 0.11550735965855961 0 0.13065244042077323 0.1912165400329852 0.17023607726794523 0.20994303341431048
0.21007844976513204 0.0727581924342292 0.068657873320293 0.21043882778268275 0.0868792808893384 0.1310272752140988 0.1431297709923664 0.27857967454767774 0.21796297416092048 0.13485510859557454 0.15393227516995578 0.11691446145938578 0.17110037776278658 0.07047631832450295 0.14452292943945055 0.13065244042077323 0 0.275607003848796 0.22962894296414632 0.26272566265902
0.18980488300102538 0.3518064871659136 0.2333044130911185 0.32951226167186143 0.2145472094303374 0.28586441193520185 0.29314563136644667 0.31269792933632407 0.13374951173198685 0.29508355326173763 0.15086068001879227 0.2367480801498171 0.34890309526147933 0.28758628883191645 0.1379948597872076 0.1912165400329852 0.275607003848796 0 0.2461608523682799 0.2925008955185305
0.10971920385042197 0.22724139639888846 0.269729356320187 0.10229915092057103 0.23291556639687272 0.14038740561021834 0.12429456545765719 0.07042563985065593 0.16215039209944185 0.13025873967333595 0.1962531371675178 0.11374988891617835 0.14869153683587708 0.1555982183480881 0.2513955439698005 0.17023607726794523 0.22962894296414632 0.2461608523682799 0 0.03944326161927074
0.12687980473063806 0.24430470303135135 0.29801628624835663 0.12119871123145932 0.2711050819410132 0.16340573406155784 0.13871914988396253 0.07026242841491784 0.1956950909641092 0.14439651668409834 0.22922730202450112 0.15058755525269069 0.14634225573209264 0.18880251013347152 0.28457621441850606 0.20994303341431048 0.26272566265902 0.2925008955185305 0.03944326161927074 0
