0 0.1348321554560615 0.0578247008434445 0.2509254127286362 0.21278971140414962 0.20007510326963923 0.16550961049744534 0.12252749492659602 0.09136643851522572 0.13287276776598397 0.167978059662092 0.1482470792710864 0.08707608989159653 0.06598687226099635 0.01884336657203579 0.15353300320614022 0.22847268482679245 0.22023509371464053 0.1472087935345752 0.22416187945270202
0.1348321554560615 0 0.15900187091295004 0.22026571781838458 0.21789960338226913 0.22766419550621692 0.1323590325562454 0.10629092252306258 0.06416215542370625 0.17745564163369446 0.1204409369839094 0.0836571145571409 0.11197460912584765 0.10082624423725267 0.13853899425813915 0.12322134378527551 0.15179579486562877 0.13451544741926702 0.14177484953109362 0.1693106942732013
0.0578247008434445 0.15900187091295004 0 0.29083494941311655 0.255775389506122 0.25123209487763815 0.18876965279515756 0.13734515804651423 0.12007356759713393 0.1800780010853554 0.15582803820678198 0.15753506773982154 0.12223760117981777 0.08255057772302958 0.07163845359400803 0.19937067054632712 0.206073494502749 0.2192025277666338 0.14509609853967953 0.2166958395802103
0.2509254127286362 0.22026571781838458 0.29083494941311655 0 0.12661260945442257 0.1981985356148533 0.12566292692471553 0.16327140892802525 0.25650411941565543 0.20259381826782144 0.28194675640618033 0.19979909915577848 0.24139398131930684 0.23218045291934325 0.26268219634917045 0.13376851457280473 0.28544613522281653 0.17683424183147975 0.15177247317831594 0.10328643050825599
0.21278971140414962 0.21789960338226913 0.255775389506122 0.12661260945442257 0 0.09334827025162266 0.10814117285678157 0.14962749087233154 0.2074586380880473 0.10775136397253932 0.2596183850301087 0.1758202184693455 0.17974261677888345 0.19510990963042543 0.22266267560110073 0.1019759340925972 0.29784122210910025 0.21011371069137466 0.13847728415836644 0.19296755235237478
0.20007510326963923 0.22766419550621692 0.25123209487763815 0.1981985356148533 0.09334827025162266 0 0.1676778607966142 0.19507064815309255 0.2060690382539557 0.11949383291578397 0.2615064045850963 0.21902589136626344 0.16271878278995236 0.20346056941529803 0.2075024254869714 0.15028440054680212 0.35001524795198696 0.2685178612683925 0.20173160663444614 0.250327360877054
0.16550961049744534 0.1323590325562454 0.18876965279515756 0.12566292692471553 0.10814117285678157 0.1676778607966142 0 0.08307769332569497 0.13051746603708933 0.17426474584210397 0.2015059708664364 0.08009902379080207 0.12633834496206633 0.14176897172994185 0.16468953066128386 0.06482445805905943 0.19111063885607146 0.12443889693317252 0.12834854774131046 0.10511085137083931
0.12252749492659602 0.10629092252306258 0.13734515804651423 0.16327140892802525 0.14962749087233154 0.19507064815309255 0.08307769332569497 0 0.1166135503295361 0.16958924352426427 0.20252548741624182 0.07095446583308875 0.13075018581397566 0.07774236688635741 0.1285378325723955 0.07904207677061091 0.16311817434811104 0.11088067305964562 0.07073382236454112 0.11457109864926848
0.09136643851522572 0.06416215542370625 0.12007356759713393 0.25650411941565543 0.2074586380880473 0.2060690382539557 0.13051746603708933 0.1166135503295361 0 0.15017065088693626 0.1293069298868397 0.11243248540323227 0.060271456160809256 0.06763285024154589 0.08198339492017942 0.127567295529439 0.18257188094011154 0.16439621036579805 0.15644899188997927 0.20103420597899924
0.13287276776598397 0.17745564163369446 0.1800780010853554 0.20259381826782144 0.10775136397253932 0.11949383291578397 0.17426474584210397 0.16958924352426427 0.15017065088693626 0 0.2538661835265295 0.1947678196550013 0.11778214157572207 0.16861266064498107 0.14251370959065432 0.16949699780771044 0.3042939657203072 0.2689636623259664 0.15281281122211166 0.27073213126586154
0.167978059662092 0.1204409369839094 0.15582803820678198 0.28194675640618033 0.2596183850301087 0.2615064045850963 0.2015059708664364 0.20252548741624182 0.1293069298868397 0.2538661835265295 0 0.15449469936036186 0.16865879194246455 0.15751935095305927 0.15709990471571078 0.17383084295298593 0.15174588666277866 0.18401324943095573 0.23636913054467718 0.2595653324494898
0.1482470792710864 0.0836571145571409 0.15753506773982154 0.19979909915577848 0.1758202184693455 0.21902589136626344 0.08009902379080207 0.07095446583308875 0.11243248540323227 0.1947678196550013 0.15449469936036186 0 0.12835430682589533 0.11684160247786882 0.15666525827167543 0.09949390875747263 0.12731359221392743 0.08439880645844013 0.10229659539619296 0.11420778125072903
0.08707608989159653 0.11197460912584765 0.12223760117981777 0.24139398131930684 0.17974261677888345 0.16271878278995236 0.12633834496206633 0.13075018581397566 0.060271456160809256 0.11778214157572207 0.16865879194246455 0.12835430682589533 0 0.10045242693468209 0.0772457690959739 0.1181608271711269 0.23247227450160676 0.20724035754292358 0.15537413501394115 0.22180840869878077
0.06598687226099635 0.10082624423725267 0.08255057772302958 0.23218045291934325 0.19510990963042543 0.20346056941529803 0.14176897172994185 0.07774236688635741 0.06763285024154589 0.16861266064498107 0.15751935095305927 0.11684160247786882 0.10045242693468209 0 0.05892556509887896 0.12292848478291393 0.18052051149134624 0.16439621036579805 0.10741274070058278 0.16821229479875446
0.01884336657203579 0.13853899425813915 0.07163845359400803 0.26268219634917045 0.22266267560110073 0.2075024254869714 0.16468953066128386 0.1285378325723955 0.08198339492017942 0.14251370959065432 0.15709990471571078 0.15666525827167543 0.0772457690959739 0.05892556509887896 0 0.14514595319626866 0.23281122829450682 0.2223198537263372 0.16346250991709177 0.22628381067877298
0.15353300320614022 0.12322134378527551 0.19937067054632712 0.13376851457280473 0.1019759340925972 0.15028440054680212 0.06482445805905943 0.07904207677061091 0.127567295529439 0.16949699780771044 0.17383084295298593 0.09949390875747263 0.1181608271711269 0.12292848478291393 0.14514595319626866 0 0.21470758211315055 0.13023351149976872 0.1121101595720038 0.13985539752324486
0.22847268482679245 0.15179579486562877 0.206073494502749 0.28544613522281653 0.29784122210910025 0.35001524795198696 0.19111063885607146 0.16311817434811104 0.18257188094011154 0.3042939657203072 0.15174588666277866 0.12731359221392743 0.23247227450160676 0.18052051149134624 0.23281122829450682 0.21470758211315055 0 0.10122179463567292 0.1784780038918728 0.18641114982578397
0.22023509371464053 0.13451544741926702 0.2192025277666338 0.17683424183147975 0.21011371069137466 0.2685178612683925 0.12443889693317252 0.11088067305964562 0.16439621036579805 0.2689636623259664 0.18401324943095573 0.08439880645844013 0.20724035754292358 0.16439621036579805 0.2223198537263372 0.13023351149976872 0.10122179463567292 0 0.15892422764561934 0.08900537114516067
0.1472087935345752 0.14177484953109362 0.14509609853967953 0.15177247317831594 0.13847728415836644 0.20173160663444614 0.12834854774131046 0.07073382236454112 0.15644899188997927 0.15281281122211166 0.23636913054467718 0.10229659539619296 0.15537413501394115 0.10741274070058278 0.16346250991709177 0.1121101595720038 0.1784780038918728 0.15892422764561934 0 0.1566640256384217
0.22416187945270202 0.1693106942732013 0.2166958395802103 0.10328643050825599 0.19296755235237478 0.250327360877054 0.10511085137083931 0.11457109864926848 0.20103420597899924 0.27073213126586154 0.2595653324494898 0.11420778125072903 0.22180840869878077 0.16821229479875446 0.22628381067877298 0.13985539752324486 0.18641114982578397 0.08900537114516067 0.1566640256384217 0
