0 0.10060382537463655 0.1828810485914291 0.21457872191544672 0.2926176565232727 0.09525009525014287 0.15323828971420655 0.09507054731434147 0.10027193858385752 0.17710040312185557 0.16750978409794476 0.11539562904525083 0.2055099326676648 0.19367337799588275 0.12118601517960141 0.11692857753879819 0.1680418476307389 0.2290249028693615 0.267426587990827 0.08209200916615866
0.10060382537463655 0 0.16847395211268898 0.2240311339638527 0.29507145348178976 0.07525475474978176 0.1621987741182144 0.07425348303412853 0.07088319061084722 0.19585192713885013 0.09658889105602673 0.14488333658404012 0.21171287427943491 0.20294828859917696 0.1539267226675164 0.145866931230622 0.1781855794018654 0.22193949139569868 0.27930249059330853 0.1466062104111962
0.1828810485914291 0.16847395211268898 0 0.0921383257182275 0.15153787429966767 0.1661546326865134 0.29971060919406173 0.19107816770757116 0.19677909996271678 0.32563379360937805 0.11038844674623748 0.11363516576818564 0.07516774396443306 0.34629070049737554 0.12171362645743707 0.08923716401769465 0.10687134997633492 0.089745431725925 0.13561045615587716 0.2637924517935785
0.21457872191544672 0.2240311339638527 0.0921383257182275 0 0.10231472232179627 0.20470087768332682 0.35355850044781467 0.23011877273447087 0.24285748697489024 0.3840332960585221 0.16456838352474856 0.1340927569460914 0.06241571384205609 0.4003651695804709 0.12928019526316448 0.13461956419044155 0.09171728013787404 0.04619633442632849 0.07892104085072842 0.286521542985156
0.2926176565232727 0.29507145348178976 0.15153787429966767 0.10231472232179627 0 0.2820090244331751 0.44228771554544466 0.31558801919571755 0.33161826621403645 0.477609253551835 0.20822859102287625 0.2138563907802513 0.09020375233420146 0.4904510968758757 0.20264803700191375 0.19059028281579746 0.1693702623553309 0.11792678277661914 0.051714197366730025 0.36580217411248955
0.09525009525014287 0.07525475474978176 0.1661546326865134 0.20470087768332682 0.2820090244331751 0 0.17824765338098808 0.11391529710822089 0.06990736758947545 0.21200016415624004 0.09892300192209268 0.16487166987015447 0.19248593317088095 0.20491995388443754 0.18072341623945007 0.09710471322817357 0.21018992894761404 0.21561720406434312 0.2570936061090557 0.16159828164194578
0.15323828971420655 0.1621987741182144 0.29971060919406173 0.35355850044781467 0.44228771554544466 0.17824765338098808 0 0.14756551881749833 0.125096902042264 0.08268259944420442 0.24434730754356065 0.26149448702030176 0.3473661993595149 0.06691079952182732 0.2579725149468002 0.25247999657435144 0.31043592427238276 0.3478404196477048 0.4154025502812716 0.12439196542219419
0.09507054731434147 0.07425348303412853 0.19107816770757116 0.23011877273447087 0.31558801919571755 0.11391529710822089 0.14756551881749833 0 0.08137511391255957 0.15210705519590406 0.14500437329341195 0.12974075505200017 0.2378532042447626 0.21342644507564454 0.12046430591461449 0.1760509548785815 0.1650835810683311 0.22797029358219179 0.29007971719541403 0.10629880069054679
0.10027193858385752 0.07088319061084722 0.19677909996271678 0.24285748697489024 0.33161826621403645 0.06990736758947545 0.125096902042264 0.08137511391255957 0 0.15870392017163082 0.13113735885600464 0.17356415142706497 0.2404135923796224 0.1555218738853821 0.1788365461626337 0.14765737574075882 0.210389496677882 0.24418097081794152 0.30609031468120723 0.1253502388483925
0.17710040312185557 0.19585192713885013 0.32563379360937805 0.3840332960585221 0.477609253551835 0.21200016415624004 0.08268259944420442 0.15210705519590406 0.15870392017163082 0 0.28721725566635936 0.2739610746356043 0.3777303377745868 0.09770760409773685 0.2702711947261354 0.2949504800322969 0.3199900264403199 0.37824601083076737 0.4503347590930977 0.12309149097933272
0.16750978409794476 0.09658889105602673 0.11038844674623748 0.16456838352474856 0.20822859102287625 0.09892300192209268 0.24434730754356065 0.14500437329341195 0.13113735885600464 0.28721725566635936 0 0.12714776632302405 0.1315797112354826 0.28159817216773453 0.12882540247738716 0.08095828055073605 0.15189847525398992 0.1593368790897562 0.19807723672364988 0.23134207333238227
0.11539562904525083 0.14488333658404012 0.11363516576818564 0.1340927569460914 0.2138563907802513 0.16487166987015447 0.26149448702030176 0.12974075505200017 0.17356415142706497 0.2739610746356043 0.12714776632302405 0 0.14075969108912093 0.3039472334508881 0.03729156387503313 0.10457111237803406 0.08079706130531379 0.14708019608285186 0.19233586754325424 0.1715122267809041
0.2055099326676648 0.21171287427943491 0.07516774396443306 0.06241571384205609 0.09020375233420146 0.19248593317088095 0.3473661993595149 0.2378532042447626 0.2404135923796224 0.3777303377745868 0.1315797112354826 0.14075969108912093 0 0.39403784842738526 0.13584507174448632 0.10513118042404355 0.13238136370244868 0.06548437199012307 0.07157427732851487 0.2734833036367106
0.19367337799588275 0.20294828859917696 0.34629070049737554 0.4003651695804709 0.4904510968758757 0.20491995388443754 0.06691079952182732 0.21342644507564454 0.1555218738853821 0.09770760409773685 0.28159817216773453 0.3039472334508881 0.39403784842738526 0 0.3086727011439721 0.29397277213932455 0.36152328852495336 0.39457578430710966 0.466742944920057 0.16083130831087833
0.12118601517960141 0.1539267226675164 0.12171362645743707 0.12928019526316448 0.20264803700191375 0.18072341623945007 0.2579725149468002 0.12046430591461449 0.1788365461626337 0.2702711947261354 0.12882540247738716 0.03729156387503313 0.13584507174448632 0.3086727011439721 0 0.11314616836866274 0.05739036171194515 0.14812212815180253 0.17841728559109665 0.16526725762745997
0.11692857753879819 0.145866931230622 0.08923716401769465 0.13461956419044155 0.19059028281579746 0.09710471322817357 0.25247999657435144 0.1760509548785815 0.14765737574075882 0.2949504800322969 0.08095828055073605 0.10457111237803406 0.10513118042404355 0.29397277213932455 0.11314616836866274 0 0.14910645241995382 0.13836103991962528 0.1690751383298497 0.1801057111983935
0.1680418476307389 0.1781855794018654 0.10687134997633492 0.09171728013787404 0.1693702623553309 0.21018992894761404 0.31043592427238276 0.1650835810683311 0.210389496677882 0.3199900264403199 0.15189847525398992 0.08079706130531379 0.13238136370244868 0.36152328852495336 0.05739036171194515 0.14910645241995382 0 0.09798067462445746 0.1403903856936424 0.2175720826930661
0.2290249028693615 0.22193949139569868 0.089745431725925 0.04619633442632849 0.11792678277661914 0.21561720406434312 0.3478404196477048 0.22797029358219179 0.24418097081794152 0.37824601083076737 0.1593368790897562 0.14708019608285186 0.06548437199012307 0.39457578430710966 0.14812212815180253 0.13836103991962528 0.09798067462445746 0 0.0895899871225117 0.30586587983969593
0.267426587990827 0.27930249059330853 0.13561045615587716 0.07892104085072842 0.051714197366730025 0.2570936061090557 0.4154025502812716 0.29007971719541403 0.30609031468120723 0.4503347590930977 0.19807723672364988 0.19233586754325424 0.07157427732851487 0.466742944920057 0.17841728559109665 0.1690751383298497 0.1403903856936424 0.0895899871225117 0 0.3431960823451051
0.08209200916615866 0.1466062104111962 0.2637924517935785 0.286521542985156 0.36580217411248955 0.16159828164194578 0.12439196542219419 0.10629880069054679 0.1253502388483925 0.12309149097933272 0.23134207333238227 0.1715122267809041 0.2734833036367106 0.16083130831087833 0.16526725762745997 0.1801057111983935 0.2175720826930661 0.30586587983969593 0.3431960823451051 0
