0 0.0678281836362978 0.11583643250741624 0.24119759806979899 0.23481448978188896 0.268155997036561 0.19096338904664434 0.1597213769446016 0.15370710794367515 0.2130071614211525 0.12766960056002183 0.3219071171302292 0.18786424304226962 0.0762273123638194 0.10036938356837076 0.23133556427714488 0.3070286273254335 0.21269248984883138 0.1712078904153948 0.1902214775631705
0.0678281836362978 0 0.10685485749605839 0.23761983811869386 0.24759308154632828 0.29733105735267223 0.2193817272381392 0.14027519873184655 0.17607804882875477 0.2415687017512461 0.10655428064888449 0.3516963814755226 0.1819473171230466 0.10716746474310214 0.1330452890975436 0.2601864886451244 0.33664091567557486 0.19620101552958003 0.17062956926198083 0.17234448239416172
0.11583643250741624 0.10685485749605839 0 0.13907646935348783 0.138473097877587 0.1875455640886612 0.11123460342563656 0.04933747866782648 0.06858177169124732 0.1332395442588113 0.011267650337919818 0.2404278078261597 0.07385729259057404 0.19265236197498115 0.21259760138109357 0.15103812378483472 0.22581016423509354 0.09855015698083387 0.06346275597708799 0.07478402008749109
0.24119759806979899 0.23761983811869386 0.13907646935348783 0 0.043478671823036864 0.09068560986287771 0.053341763315142975 0.10120981451388386 0.09276074661440338 0.06507729989483406 0.12877916524693606 0.1330879531698482 0.07884663462224287 0.316162241729868 0.3387702522990984 0.06853521238520308 0.1191142248924172 0.045600815714687326 0.07904155861469252 0.07983596609894433
0.23481448978188896 0.24759308154632828 0.138473097877587 0.043478671823036864 0 0.08208379820897305 0.053110344595583676 0.11516654206959842 0.08774039637763917 0.05615563853846412 0.13808358065624793 0.11692108443873354 0.07850456517999294 0.30916933794813056 0.33148499995445524 0.05117840863084561 0.10278446353271158 0.05448357652831956 0.07869864351122066 0.08884132270544685
0.268155997036561 0.29733105735267223 0.1875455640886612 0.09068560986287771 0.08208379820897305 0 0.07552831685887222 0.16377854723421556 0.12258672726850048 0.05323935657910853 0.1870180087142385 0.05542456170083508 0.12258672726850048 0.3197601987115554 0.3528648731129847 0.04447722109004949 0.041227427720770614 0.11191727800887942 0.12288978515315203 0.1418570164620773
0.19096338904664434 0.2193817272381392 0.11123460342563656 0.053341763315142975 0.053110344595583676 0.07552831685887222 0 0.09321344080828024 0.04721237458761222 0.039746819277647456 0.11092170659363668 0.12750623187929241 0.05193361204637344 0.2586164187098155 0.2913365401696276 0.04360290098006477 0.11720927416537168 0.05570259934121395 0.04732909262626708 0.08604859293176627
0.1597213769446016 0.14027519873184655 0.04933747866782648 0.10120981451388386 0.11516654206959842 0.16377854723421556 0.09321344080828024 0 0.06654515005710032 0.1244945761325649 0.038265651704974354 0.21600741004529347 0.05630743466370027 0.23054861408618044 0.2578553115646983 0.12764281134353408 0.20157609261837833 0.06039384416787741 0.046183612446010575 0.04146469423807486
0.15370710794367515 0.17607804882875477 0.06858177169124732 0.09276074661440338 0.08774039637763917 0.12258672726850048 0.04721237458761222 0.06654515005710032 0 0.06911928670148906 0.068388854933024 0.17045643758295942 0.034482758620689655 0.22786377817880252 0.25434947933005086 0.08189096853837625 0.16024913469931837 0.0532764181416351 0.019753146633673956 0.049879189271842435
0.2130071614211525 0.2415687017512461 0.1332395442588113 0.06507729989483406 0.05615563853846412 0.05323935657910853 0.039746819277647456 0.1244945761325649 0.06911928670148906 0 0.13286474873644885 0.10500194449845847 0.08294314404178688 0.2692383754108217 0.29595194521967644 0.029789661547108555 0.09072854767863321 0.08607954468476404 0.07852885120228464 0.11197850219117085
0.12766960056002183 0.10655428064888449 0.011267650337919818 0.12877916524693606 0.13808358065624793 0.1870180087142385 0.11092170659363668 0.038265651704974354 0.068388854933024 0.13286474873644885 0 0.2397514976036508 0.07364953608171816 0.2049178042223974 0.2252495495013515 0.15061326183551266 0.22517497264141134 0.08792842071599727 0.06328423872900442 0.06924696697756424
0.3219071171302292 0.3516963814755226 0.2404278078261597 0.1330879531698482 0.11692108443873354 0.05542456170083508 0.12750623187929241 0.21600741004529347 0.17045643758295942 0.10500194449845847 0.2397514976036508 0 0.17461391167034868 0.37449757181752347 0.4083825605844031 0.09599068705134738 0.02135447682361739 0.15532863266952468 0.17504559072631729 0.1894338076060206
0.18786424304226962 0.1819473171230466 0.07385729259057404 0.07884663462224287 0.07850456517999294 0.12258672726850048 0.05193361204637344 0.05630743466370027 0.034482758620689655 0.08294314404178688 0.07364953608171816 0.17461391167034868 0 0.2638422694701924 0.28536770851664245 0.08644046679050826 0.16024913469931837 0.038746485921189164 0.014814859975255466 0.049879189271842435
0.0762273123638194 0.10716746474310214 0.19265236197498115 0.316162241729868 0.30916933794813056 0.3197601987115554 0.2586164187098155 0.23054861408618044 0.22786377817880252 0.2692383754108217 0.2049178042223974 0.37449757181752347 0.2638422694701924 0 0.03020610466650885 0.2879748637882012 0.3644669736289804 0.2888857695258627 0.24646081961932478 0.26715284148536844
0.10036938356837076 0.1330452890975436 0.21259760138109357 0.3387702522990984 0.33148499995445524 0.3528648731129847 0.2913365401696276 0.2578553115646983 0.25434947933005086 0.29595194521967644 0.2252495495013515 0.4083825605844031 0.28536770851664245 0.03020610466650885 0 0.31511510835344764 0.3929948420124308 0.31106814825234497 0.2674162448689346 0.2889483718870235
0.23133556427714488 0.2601864886451244 0.15103812378483472 0.06853521238520308 0.05117840863084561 0.04447722109004949 0.04360290098006477 0.12764281134353408 0.08189096853837625 0.029789661547108555 0.15061326183551266 0.09599068705134738 0.08644046679050826 0.2879748637882012 0.31511510835344764 0 0.0817882529866522 0.08946061301216422 0.08665416419150379 0.1105579985645564
0.3070286273254335 0.33664091567557486 0.22581016423509354 0.1191142248924172 0.10278446353271158 0.041227427720770614 0.11720927416537168 0.20157609261837833 0.16024913469931837 0.09072854767863321 0.22517497264141134 0.02135447682361739 0.16024913469931837 0.3644669736289804 0.3929948420124308 0.0817882529866522 0 0.1409708716713856 0.16064530127347648 0.17506985702050618
0.21269248984883138 0.19620101552958003 0.09855015698083387 0.045600815714687326 0.05448357652831956 0.11191727800887942 0.05570259934121395 0.06039384416787741 0.0532764181416351 0.08607954468476404 0.08792842071599727 0.15532863266952468 0.038746485921189164 0.2888857695258627 0.31106814825234497 0.08946061301216422 0.1409708716713856 0 0.03884227466049727 0.03432857670296248
0.1712078904153948 0.17062956926198083 0.06346275597708799 0.07904155861469252 0.07869864351122066 0.12288978515315203 0.04732909262626708 0.046183612446010575 0.019753146633673956 0.07852885120228464 0.06328423872900442 0.17504559072631729 0.014814859975255466 0.24646081961932478 0.2674162448689346 0.08665416419150379 0.16064530127347648 0.03884227466049727 0 0.0400020001500125
0.1902214775631705 0.17234448239416172 0.07478402008749109 0.07983596609894433 0.08884132270544685 0.1418570164620773 0.08604859293176627 0.04146469423807486 0.049879189271842435 0.11197850219117085 0.06924696697756424 0.1894338076060206 0.049879189271842435 0.26715284148536844 0.2889483718870235 0.1105579985645564 0.17506985702050618 0.03432857670296248 0.0400020001500125 0
