0 0.09661756362801771 0.16974641111381855 0.14980117725462763 0.12759903058033795 0.09770396866886287 0.2161345382881765 0.11248762837875266 0.38912497027517706 0.19857425042848156 0.13111122301831463 0.10800345616589685 0.04689790496105418 0.2149939786735302 0.06253475118422532 0.14637078706711232 0.13344276639918098 0.04365629365631549 0.2799695197706453 0.2680204350444459
0.09661756362801771 0 0.11173956592723683 0.23296647185834504 0.14793968947163016 0.08644061588581957 0.12675466219982146 0.09294253747854271 0.4781478990027425 0.10096697184856479 0.06041493152336866 0.12165283768104741 0.05042369260006141 0.14409801999173039 0.11526191652100218 0.08029334318954809 0.07644614034047928 0.10972607549637241 0.18996718070413668 0.3535533905932738
0.16974641111381855 0.11173956592723683 0 0.30565748974169876 0.17327582002091801 0.12087344460380704 0.09847012363263768 0.13996268159336606 0.5571781177002616 0.061768980700220286 0.0907384940958188 0.15121078478775912 0.12423104028724613 0.06716604942594676 0.18624718289490716 0.04790505047653036 0.05887123077188047 0.17389238128180642 0.1321586416032398 0.4289212260245196
0.14980117725462763 0.23296647185834504 0.30565748974169876 0 0.1863662287254676 0.235935052808204 0.3649794388034841 0.22516127322813126 0.23272391323219224 0.3418301129025302 0.27060403659669535 0.2136233148205519 0.18148850216015694 0.37061702524983164 0.1403605605450539 0.2994013583623311 0.26797249236067416 0.1843024451936214 0.4321869601033377 0.11592263958380276
0.12759903058033795 0.14793968947163016 0.17327582002091801 0.1863662287254676 0 0.07978836279039113 0.2306570268696385 0.1108669642304784 0.36712364944056236 0.2271672166121307 0.16729664955339435 0.0367496968162519 0.11569312604606714 0.2360902607774562 0.08936898464132566 0.17787400509566287 0.13253579128600726 0.10938437834942774 0.2952123864254108 0.30578061461667905
0.09770396866886287 0.08644061588581957 0.12087344460380704 0.235935052808204 0.07978836279039113 0 0.1936127480203785 0.05263306670276983 0.4285784258273385 0.14932458933803408 0.0882472648007664 0.062032280693231384 0.06439393939393939 0.18311934735248658 0.10909825602219607 0.14862151060211512 0.10137134004540038 0.09616522732760369 0.24153399010052318 0.3310815390068583
0.2161345382881765 0.12675466219982146 0.09847012363263768 0.3649794388034841 0.2306570268696385 0.1936127480203785 0 0.1953126488567232 0.6224728806628245 0.07229365866127098 0.10943872123981961 0.20466630859118076 0.17774285064165896 0.05555633320346617 0.24377804031954892 0.08774022212076149 0.11130350155224218 0.22562339761911104 0.0624656533334039 0.4908259207941881
0.11248762837875266 0.09294253747854271 0.13996268159336606 0.22516127322813126 0.1108669642304784 0.05263306670276983 0.1953126488567232 0 0.44238277755060906 0.13173869985663553 0.0910896763840717 0.10389534672141228 0.07894960005415474 0.20054912831334554 0.11630184608588581 0.15756560417417756 0.1283670261552709 0.13362282976470882 0.23676515679393328 0.3235460849809841
0.38912497027517706 0.4781478990027425 0.5571781177002616 0.23272391323219224 0.36712364944056236 0.4285784258273385 0.6224728806628245 0.44238277755060906 0 0.5706852336675822 0.5005668293397083 0.3977220302613713 0.42286404681630735 0.6287140102741974 0.3535533905932738 0.5503332072205636 0.5115191446785118 0.40620855226230096 0.6972650612548674 0.1383142998252026
0.19857425042848156 0.10096697184856479 0.061768980700220286 0.3418301129025302 0.2271672166121307 0.14932458933803408 0.07229365866127098 0.13173869985663553 0.5706852336675822 0 0.06803097069935285 0.20718119959288567 0.15264291354554593 0.10510238640443412 0.21592683611940336 0.09173043028816434 0.11024081938903071 0.20892599808166193 0.11232707105599603 0.46406379805494413
0.13111122301831463 0.06041493152336866 0.0907384940958188 0.27060403659669535 0.16729664955339435 0.0882472648007664 0.10943872123981961 0.0910896763840717 0.5005668293397083 0.06803097069935285 0 0.1481312864603705 0.10589671776091969 0.14710973536182828 0.15438427848924935 0.09757888700088906 0.09120956670998251 0.1433848336691011 0.1695072365327382 0.3892249151930868
0.10800345616589685 0.12165283768104741 0.15121078478775912 0.2136233148205519 0.0367496968162519 0.062032280693231384 0.20466630859118076 0.10389534672141228 0.3977220302613713 0.20718119959288567 0.1481312864603705 0 0.0814173684098662 0.206817795821195 0.08271527783091086 0.14174721816435798 0.10375687442909719 0.07480546861640955 0.2685824321148876 0.29716534236768083
0.04689790496105418 0.05042369260006141 0.12423104028724613 0.18148850216015694 0.11569312604606714 0.06439393939393939 0.17774285064165896 0.07894960005415474 0.42286404681630735 0.15264291354554593 0.10589671776091969 0.0814173684098662 0 0.18311934735248658 0.0646508183835236 0.11484389455617987 0.0943802131457176 0.06154574548966636 0.24153399010052318 0.300520166175456
0.2149939786735302 0.14409801999173039 0.06716604942594676 0.37061702524983164 0.2360902607774562 0.18311934735248658 0.05555633320346617 0.20054912831334554 0.6287140102741974 0.10510238640443412 0.14710973536182828 0.206817795821195 0.18311934735248658 0 0.24922748156665644 0.06756945274924135 0.10197539568091138 0.20198948806676473 0.08450498308997707 0.49672684957207286
0.06253475118422532 0.11526191652100218 0.18624718289490716 0.1403605605450539 0.08936898464132566 0.10909825602219607 0.24377804031954892 0.11630184608588581 0.3535533905932738 0.21592683611940336 0.15438427848924935 0.08271527783091086 0.0646508183835236 0.24922748156665644 0 0.18015941793416757 0.1454252327881218 0.07796319451046027 0.3085481467773143 0.23364045064906738
0.14637078706711232 0.08029334318954809 0.04790505047653036 0.2994013583623311 0.17787400509566287 0.14862151060211512 0.08774022212076149 0.15756560417417756 0.5503332072205636 0.09173043028816434 0.09757888700088906 0.14174721816435798 0.11484389455617987 0.06756945274924135 0.18015941793416757 0 0.04675643282888718 0.1337751918624351 0.14890668165539114 0.42241319785380294
0.13344276639918098 0.07644614034047928 0.05887123077188047 0.26797249236067416 0.13253579128600726 0.10137134004540038 0.11130350155224218 0.1283670261552709 0.5115191446785118 0.11024081938903071 0.09120956670998251 0.10375687442909719 0.0943802131457176 0.10197539568091138 0.1454252327881218 0.04675643282888718 0 0.11714212831345712 0.1706106128605641 0.3854398179899038
0.04365629365631549 0.10972607549637241 0.17389238128180642 0.1843024451936214 0.10938437834942774 0.09616522732760369 0.22562339761911104 0.13362282976470882 0.40620855226230096 0.20892599808166193 0.1433848336691011 0.07480546861640955 0.06154574548966636 0.20198948806676473 0.07796319451046027 0.1337751918624351 0.11714212831345712 0 0.2876728149724586 0.28448952420706397
0.2799695197706453 0.18996718070413668 0.1321586416032398 0.4321869601033377 0.2952123864254108 0.24153399010052318 0.0624656533334039 0.23676515679393328 0.6972650612548674 0.11232707105599603 0.1695072365327382 0.2685824321148876 0.24153399010052318 0.08450498308997707 0.3085481467773143 0.14890668165539114 0.1706106128605641 0.2876728149724586 0 0.5613669085083565
0.2680204350444459 0.3535533905932738 0.4289212260245196 0.11592263958380276 0.30578061461667905 0.3310815390068583 0.4908259207941881 0.3235460849809841 0.1383142998252026 0.46406379805494413 0.3892249151930868 0.29716534236768083 0.300520166175456 0.49672684957207286 0.23364045064906738 0.42241319785380294 0.3854398179899038 0.28448952420706397 0.5613669085083565 0
