0 0.3269426487951259 0.22124052165246003 0.17670222334368588 0.22868989261584122 0.1633326527820312 0.17367609220066726 0.1803429039067321 0.22709270798206538 0.18698084189662842 0.16591227115686805 0.2821305286102836 0.1306252318038339 0.2080649151645788 0.2286007145201165 0.18617996337205364 0.19865815714051638 0.1481071222984665 0.20953070169785676 0.22380555024917353
0.3269426487951259 0 0.19467389818557787 0.2634524733182976 0.21633013328074185 0.39852528304671525 0.22455810235979515 0.26305068011083227 0.172146741242977 0.1814632254054527 0.27636712517734063 0.13792378298411637 0.2564851002098895 0.23341161070712593 0.1999326833869366 0.1928554202581955 0.466075126645519 0.2223849749570686 0.18735402523467135 0.15784037669222972
0.22124052165246003 0.19467389818557787 0 0.26429538300646693 0.3035728268338427 0.3097354397518004 0.13234998514979193 0.13451716171783132 0.25364948322581937 0.19170415634251178 0.26841640862855726 0.18386905444227059 0.17339756655152233 0.11428731401855897 0.09385189112886617 0.16267661129003472 0.3351281616616672 0.1525559401207067 0.07500406934158352 0.21206362863431752
0.17670222334368588 0.2634524733182976 0.26429538300646693 0 0.14609073244701484 0.18632051874534858 0.1875916198442167 0.21228417986642875 0.16738110167037984 0.1709995165576057 0.10560337936221025 0.1943829686674273 0.17907751569020652 0.2656974903680521 0.27055411241558 0.17236915226476468 0.2528923579386381 0.18657386412625437 0.257197221886023 0.15278654960482693
0.22868989261584122 0.21633013328074185 0.3035728268338427 0.14609073244701484 0 0.2952717245546542 0.2277825400299002 0.2871191929249272 0.12566972871109772 0.16682902828252058 0.1984864911260539 0.18791941703516285 0.22011562167139176 0.2950105272578922 0.304746935870305 0.19247174897071892 0.364414312133059 0.22514510911492744 0.28640698708795137 0.14231716639890843
0.1633326527820312 0.39852528304671525 0.3097354397518004 0.18632051874534858 0.2952717245546542 0 0.2617191317805061 0.20964775226109483 0.3061990667416525 0.26225093932089805 0.1603250258819584 0.3156021418241019 0.22621935069237933 0.30878378836304027 0.31707022662460677 0.23780266996845506 0.11450732627641029 0.22918874684172597 0.3039712789581011 0.2796201330025829
0.17367609220066726 0.22455810235979515 0.13234998514979193 0.1875916198442167 0.2277825400299002 0.2617191317805061 0 0.15951465589382513 0.17212172867254158 0.13709087342102286 0.20703273681365977 0.20802556953578424 0.09918063605963079 0.14378212104734303 0.15649052629428828 0.11419578945799415 0.3063864790062313 0.0980413098030004 0.13942866800257406 0.16431271019768082
0.1803429039067321 0.26305068011083227 0.13451716171783132 0.21228417986642875 0.2871191929249272 0.20964775226109483 0.15951465589382513 0 0.26624439139513734 0.2032404582259038 0.20869967789998037 0.18864566947613626 0.15167298650610384 0.1535671633318648 0.14229523493180482 0.16488178015907543 0.24394068507409225 0.134964037116213 0.12409786462744234 0.21232722901324755
0.22709270798206538 0.172146741242977 0.25364948322581937 0.16738110167037984 0.12566972871109772 0.3061990667416525 0.17212172867254158 0.26624439139513734 0 0.1215641504712995 0.20411676267002987 0.16861535846950718 0.1813073068642471 0.23930310629876256 0.2628776488932203 0.1449692916690553 0.3793338519724764 0.1832073278301239 0.2510209202348594 0.12237381456252673
0.18698084189662842 0.1814632254054527 0.19170415634251178 0.1709995165576057 0.16682902828252058 0.26225093932089805 0.13709087342102286 0.2032404582259038 0.1215641504712995 0 0.18251679131042012 0.15954566992127225 0.140635144724479 0.192721161656024 0.20390703958009695 0.08795989942670848 0.334392361075483 0.11945389099725152 0.1817294245860973 0.10546893141533235
0.16591227115686805 0.27636712517734063 0.26841640862855726 0.10560337936221025 0.1984864911260539 0.1603250258819584 0.20703273681365977 0.20869967789998037 0.20411676267002987 0.18251679131042012 0 0.19614841138346298 0.17684307783570088 0.2675340503283767 0.27954545454545454 0.17727272727272728 0.21851978413257614 0.159219587968888 0.26563481637410236 0.17004808087680945
0.2821305286102836 0.13792378298411637 0.18386905444227059 0.1943829686674273 0.18791941703516285 0.3156021418241019 0.20802556953578424 0.18864566947613626 0.16861535846950718 0.15954566992127225 0.19614841138346298 0 0.23911834953314326 0.20430180908802092 0.19557319610081353 0.1572255105908501 0.38133501755974497 0.1876605678631598 0.17047118479377665 0.13242545279520718
0.1306252318038339 0.2564851002098895 0.17339756655152233 0.17907751569020652 0.22011562167139176 0.22621935069237933 0.09918063605963079 0.15167298650610384 0.1813073068642471 0.140635144724479 0.17684307783570088 0.23911834953314326 0 0.1631432582273153 0.17838467378196476 0.11672083593140904 0.25235525418486027 0.09756212131268831 0.16280061864352627 0.16266460148772788
0.2080649151645788 0.23341161070712593 0.11428731401855897 0.2656974903680521 0.2950105272578922 0.30878378836304027 0.14378212104734303 0.1535671633318648 0.23930310629876256 0.192721161656024 0.2675340503283767 0.20430180908802092 0.1631432582273153 0 0.11741306284003991 0.16982960875077202 0.33966756730666453 0.15336526113215837 0.12148095441503967 0.21117742890768001
0.2286007145201165 0.1999326833869366 0.09385189112886617 0.27055411241558 0.304746935870305 0.31707022662460677 0.15649052629428828 0.14229523493180482 0.2628776488932203 0.20390703958009695 0.27954545454545454 0.19557319610081353 0.17838467378196476 0.11741306284003991 0 0.1756198347107438 0.3374402644139407 0.1617739129095653 0.08049539890124315 0.22791992192113156
0.18617996337205364 0.1928554202581955 0.16267661129003472 0.17236915226476468 0.19247174897071892 0.23780266996845506 0.11419578945799415 0.16488178015907543 0.1449692916690553 0.08795989942670848 0.17727272727272728 0.1572255105908501 0.11672083593140904 0.16982960875077202 0.1756198347107438 0 0.31566992477433164 0.10430160174432501 0.1547988440408522 0.10900518004923683
0.19865815714051638 0.466075126645519 0.3351281616616672 0.2528923579386381 0.364414312133059 0.11450732627641029 0.3063864790062313 0.24394068507409225 0.3793338519724764 0.334392361075483 0.21851978413257614 0.38133501755974497 0.25235525418486027 0.33966756730666453 0.3374402644139407 0.31566992477433164 0 0.274752436686433 0.3316552372473562 0.35240234913407087
0.1481071222984665 0.2223849749570686 0.1525559401207067 0.18657386412625437 0.22514510911492744 0.22918874684172597 0.0980413098030004 0.134964037116213 0.1832073278301239 0.11945389099725152 0.159219587968888 0.1876605678631598 0.09756212131268831 0.15336526113215837 0.1617739129095653 0.10430160174432501 0.274752436686433 0 0.14884859833732056 0.13884607883131148
0.20953070169785676 0.18735402523467135 0.07500406934158352 0.257197221886023 0.28640698708795137 0.3039712789581011 0.13942866800257406 0.12409786462744234 0.2510209202348594 0.1817294245860973 0.26563481637410236 0.17047118479377665 0.16280061864352627 0.12148095441503967 0.08049539890124315 0.1547988440408522 0.3316552372473562 0.14884859833732056 0 0.20986601877181058
0.22380555024917353 0.15784037669222972 0.21206362863431752 0.15278654960482693 0.14231716639890843 0.2796201330025829 0.16431271019768082 0.21232722901324755 0.12237381456252673 0.10546893141533235 0.17004808087680945 0.13242545279520718 0.16266460148772788 0.21117742890768001 0.22791992192113156 0.10900518004923683 0.35240234913407087 0.13884607883131148 0.20986601877181058 0
