0 0.15984894146746625 0.09656370033188215 0.14823357482331737 0.07158769677601982 0.14579133894689847 0.20536146765191413 0.2772953066415633 0.18979234200039075 0.2776505858476714 0.1529765553410661 0.09842009847626022 0.20477818133668887 0.1993798287887028 0.14168428902798144 0.1557112729526073 0.14880019492838303 0.158100207111407 0.3279712491048196 0.2589444282349433
0.15984894146746625 0 0.23143840399414203 0.07948588753990432 0.1599449725981941 0.08469100304102797 0.13458993421169152 0.14696246884882264 0.1216126094490554 0.1500360706990906 0.08336297877480235 0.2103346601030587 0.33987654065040135 0.10752599371067086 0.06168831168831169 0.09708788705680327 0.28674430940755935 0.29505573866574947 0.20436902053666367 0.1417440569987697
0.09656370033188215 0.23143840399414203 0 0.19206761970529973 0.11165175621603868 0.22825802366245934 0.2697844382891384 0.35163473391736805 0.2551955380867985 0.35208525906551874 0.2175510112851676 0.07854729012378804 0.15267176101439267 0.27838178450349155 0.21182497992684185 0.20332054683134607 0.10041760137408941 0.09037584123668047 0.4028629114506279 0.3285267694971744
0.14823357482331737 0.07948588753990432 0.19206761970529973 0 0.1341495767768812 0.08639065747313082 0.16537325579306658 0.1587301861598513 0.13384691634827972 0.17364962612741974 0.08503598123386226 0.17554568995630512 0.30669392956103236 0.15355748948519443 0.08279779952073367 0.07922906655339572 0.25010779734600835 0.25434691255526276 0.23041474099596085 0.1829489710167816
0.07158769677601982 0.1599449725981941 0.11165175621603868 0.1341495767768812 0 0.15333495874226813 0.1808266600516467 0.26183225859110343 0.1716721662184595 0.26532637337035775 0.1752198281215401 0.10466391116730639 0.2337391514993512 0.18833986034614142 0.1386189762517682 0.12754254895878467 0.1728773554138942 0.16377854723421556 0.3120442132097963 0.24700865917755332
0.14579133894689847 0.08469100304102797 0.22825802366245934 0.08639065747313082 0.15333495874226813 0 0.1104783171137984 0.16767908739184378 0.09311242844785589 0.15920975452522132 0.08363496311496878 0.19567393359435561 0.3366138311282044 0.10479461887283546 0.08469100304102797 0.1331196896840315 0.27934130957812847 0.291849129409985 0.2158271635889412 0.13640217075439212
0.20536146765191413 0.13458993421169152 0.2697844382891384 0.16537325579306658 0.1808266600516467 0.1104783171137984 0 0.14660225269163535 0.08140843307516935 0.12504340486339152 0.15393590061376045 0.24500090471413752 0.39410181996756155 0.0810427319495693 0.13764879635286634 0.15854690162495774 0.3288786068170915 0.31713294228790967 0.16214070838110467 0.0926612846309044
0.2772953066415633 0.14696246884882264 0.35163473391736805 0.1587301861598513 0.26183225859110343 0.16767908739184378 0.14660225269163535 0 0.18746747319666093 0.06658136059632327 0.17165173169942222 0.3292356601358232 0.46408209410184936 0.1281534369269179 0.14984408588507406 0.16659377445150678 0.4094073879597104 0.4130957428061942 0.10023923445138691 0.07958980714134359
0.18979234200039075 0.1216126094490554 0.2551955380867985 0.13384691634827972 0.1716721662184595 0.09311242844785589 0.08140843307516935 0.18746747319666093 0 0.17348738479965473 0.12818687203743392 0.20732733781041143 0.35649250706706315 0.12112983870848963 0.12481294127666212 0.14354961622061405 0.2867407945174281 0.2744519033238241 0.2014469937480913 0.15112293365918567
0.2776505858476714 0.1500360706990906 0.35208525906551874 0.17364962612741974 0.26532637337035775 0.15920975452522132 0.12504340486339152 0.06658136059632327 0.17348738479965473 0 0.1955780926013566 0.3330560177001925 0.4685489959902004 0.11739698157129629 0.15580668880290177 0.1754351791056305 0.41362501367387805 0.41362501367387805 0.09558825144427503 0.07197967228537745
0.1529765553410661 0.08336297877480235 0.2175510112851676 0.08503598123386226 0.1752198281215401 0.08363496311496878 0.15393590061376045 0.17165173169942222 0.12818687203743392 0.1955780926013566 0 0.1963821866246974 0.32221296812463285 0.16091611138365014 0.09003201707678654 0.11300733789462154 0.28595944950617913 0.2816913980210123 0.24303458260341237 0.18419778395106742
0.09842009847626022 0.2103346601030587 0.07854729012378804 0.17554568995630512 0.10466391116730639 0.19567393359435561 0.24500090471413752 0.3292356601358232 0.20732733781041143 0.3330560177001925 0.1963821866246974 0 0.1745035934750762 0.25330416540102896 0.191213327366417 0.20965506330195982 0.1027930809019318 0.11258289813068721 0.38008575068364536 0.30324779845615635
0.20477818133668887 0.33987654065040135 0.15267176101439267 0.30669392956103236 0.2337391514993512 0.3366138311282044 0.39410181996756155 0.46408209410184936 0.35649250706706315 0.4685489959902004 0.32221296812463285 0.1745035934750762 0 0.39993964592952885 0.31808958291640127 0.3300917652361272 0.11154574690170911 0.11712303424679457 0.5413398937389302 0.44646140574634713
0.1993798287887028 0.10752599371067086 0.27838178450349155 0.15355748948519443 0.18833986034614142 0.10479461887283546 0.0810427319495693 0.1281534369269179 0.12112983870848963 0.11739698157129629 0.16091611138365014 0.25330416540102896 0.39993964592952885 0 0.11674250745729979 0.1286142892872025 0.3381740707500496 0.33424181411342113 0.15521276771923503 0.0930644538356593
0.14168428902798144 0.06168831168831169 0.21182497992684185 0.08279779952073367 0.1386189762517682 0.08469100304102797 0.13764879635286634 0.14984408588507406 0.12481294127666212 0.15580668880290177 0.09003201707678654 0.191213327366417 0.31808958291640127 0.11674250745729979 0 0.08090657254733606 0.2701214508911791 0.27427716552027415 0.21512528477543547 0.15042226457012295
0.1557112729526073 0.09708788705680327 0.20332054683134607 0.07922906655339572 0.12754254895878467 0.1331196896840315 0.15854690162495774 0.16659377445150678 0.14354961622061405 0.1754351791056305 0.11300733789462154 0.20965506330195982 0.3300917652361272 0.1286142892872025 0.08090657254733606 0 0.2733909688078031 0.2568218191830878 0.2144302093404252 0.17300336110350403
0.14880019492838303 0.28674430940755935 0.10041760137408941 0.25010779734600835 0.1728773554138942 0.27934130957812847 0.3288786068170915 0.4094073879597104 0.2867407945174281 0.41362501367387805 0.28595944950617913 0.1027930809019318 0.11154574690170911 0.3381740707500496 0.2701214508911791 0.2733909688078031 0 0.07446808510638298 0.4715399271084196 0.3924741683232832
0.158100207111407 0.29505573866574947 0.09037584123668047 0.25434691255526276 0.16377854723421556 0.291849129409985 0.31713294228790967 0.4130957428061942 0.2744519033238241 0.41362501367387805 0.2816913980210123 0.11258289813068721 0.11712303424679457 0.33424181411342113 0.27427716552027415 0.2568218191830878 0.07446808510638298 0 0.457772337995765 0.39987934131051495
0.3279712491048196 0.20436902053666367 0.4028629114506279 0.23041474099596085 0.3120442132097963 0.2158271635889412 0.16214070838110467 0.10023923445138691 0.2014469937480913 0.09558825144427503 0.24303458260341237 0.38008575068364536 0.5413398937389302 0.15521276771923503 0.21512528477543547 0.2144302093404252 0.4715399271084196 0.457772337995765 0 0.10541772588221122
0.2589444282349433 0.1417440569987697 0.3285267694971744 0.1829489710167816 0.24700865917755332 0.13640217075439212 0.0926612846309044 0.07958980714134359 0.15112293365918567 0.07197967228537745 0.18419778395106742 0.30324779845615635 0.44646140574634713 0.0930644538356593 0.15042226457012295 0.17300336110350403 0.3924741683232832 0.39987934131051495 0.10541772588221122 0
