0 0.291779031006079 0.043935746569990865 0.1295013957447868 0.09443118096860231 0.2677097925641019 0.1671277095022601 0.06600696014083522 0.044746936537817326 0.1922728676264589 0.22941573387056177 0.15025137010537135 0.06863213970916876 0.16101120712343495 0.1905328058853372 0.16388627860430385 0.12093595856020034 0.12369267399882336 0.2651681074979299 0.05464603257736498
0.291779031006079 0 0.24534034297320964 0.22250616360991748 0.26500730343488627 0.5534043968754284 0.451126693746596 0.3026671040245179 0.2642856674818812 0.1114960231882485 0.5358337625664676 0.16507235361441291 0.23919422156411008 0.19723803731483922 0.11457909934055786 0.14018585336343778 0.39036874995053944 0.23709904933225592 0.06899793680087594 0.3337549075539233
0.043935746569990865 0.24534034297320964 0 0.10001557457201003 0.0840844632229202 0.30329233469605965 0.21017803947648878 0.09445926236479076 0.04878865137197861 0.15722976754492263 0.2735878275822914 0.11577850731334749 0.05952486404108746 0.13085301575924865 0.15580684445417278 0.12400408446645028 0.1493113317564336 0.10620624298644951 0.21892432412966017 0.08471797383978849
0.1295013957447868 0.22250616360991748 0.10001557457201003 0 0.14162311619534532 0.33719527254447623 0.2990706627747397 0.17942645334769058 0.13182163417934203 0.1132847322294231 0.34560214108101667 0.07041856774914863 0.07602859212697055 0.05030759936605941 0.15308114992624075 0.13772623842892756 0.18670816198043183 0.05217413221693679 0.19597494199121446 0.14086077481456435
0.09443118096860231 0.26500730343488627 0.0840844632229202 0.14162311619534532 0 0.31220987557829294 0.20354083960790276 0.06316223400889819 0.08563692285639533 0.19975667745235015 0.28225095425920377 0.1493057753184819 0.08358544122991278 0.15407204817017475 0.1614846187764596 0.13519242382984925 0.1906041319728296 0.12427993780977105 0.2293419777311924 0.1503364309398867
0.2677097925641019 0.5534043968754284 0.30329233469605965 0.33719527254447623 0.31220987557829294 0 0.16422246585168201 0.28538196015450246 0.2926345742613566 0.45406829958829037 0.10418927964135326 0.38212574967212 0.30149236429103193 0.36399167125808785 0.45688144583596974 0.4168026356679775 0.17187709230983575 0.3145805309302787 0.5122746955691456 0.22583947983107316
0.1671277095022601 0.451126693746596 0.21017803947648878 0.2990706627747397 0.20354083960790276 0.16422246585168201 0 0.15243654482280047 0.18453325611085666 0.36157149355850554 0.08514850866846711 0.31362618783792096 0.23054419977395543 0.3167521284194104 0.34572738126882735 0.31974962526657663 0.14785921742704325 0.28565599452002116 0.4239550474461234 0.16563698349810535
0.06600696014083522 0.3026671040245179 0.09445926236479076 0.17942645334769058 0.06316223400889819 0.28538196015450246 0.15243654482280047 0 0.0833761698685279 0.23700184949325556 0.2301741350593744 0.19133408910545407 0.1189383132050156 0.19744202747931427 0.19662445863631872 0.1757679186213615 0.1641601295704932 0.16753712829629708 0.27116094287926495 0.10965336222334296
0.044746936537817326 0.2642856674818812 0.04878865137197861 0.13182163417934203 0.08563692285639533 0.2926345742613566 0.18453325611085666 0.0833761698685279 0 0.18682150206500667 0.2627168716426663 0.14037635377327246 0.08487342836421084 0.1506518765677322 0.1745518735371038 0.1317846093440544 0.15206808141609124 0.12619499572649667 0.23783076826359223 0.099556303894016
0.1922728676264589 0.1114960231882485 0.15722976754492263 0.1132847322294231 0.19975667745235015 0.45406829958829037 0.36157149355850554 0.23700184949325556 0.18682150206500667 0 0.4173385957035017 0.06273096846906501 0.14066698046093923 0.10456953666822945 0.05000206624377632 0.06606419975566205 0.2851289497679352 0.13943483718643485 0.08941920149561113 0.22244712847290327
0.22941573387056177 0.5358337625664676 0.2735878275822914 0.34560214108101667 0.28225095425920377 0.10418927964135326 0.08514850866846711 0.2301741350593744 0.2627168716426663 0.4173385957035017 0 0.3670489830693399 0.28750495498793693 0.36391267143702544 0.4271210980886246 0.40116977753831934 0.18605210188381266 0.331200660553418 0.5080619708278709 0.2041684574315704
0.15025137010537135 0.16507235361441291 0.11577850731334749 0.07041856774914863 0.1493057753184819 0.38212574967212 0.31362618783792096 0.19133408910545407 0.14037635377327246 0.06273096846906501 0.3670489830693399 0 0.08768867690819648 0.07333462210502346 0.10041756693259585 0.07446025784619277 0.22495606755791375 0.1086507326357184 0.14333643696784565 0.1740024360511572
0.06863213970916876 0.23919422156411008 0.05952486404108746 0.07602859212697055 0.08358544122991278 0.30149236429103193 0.23054419977395543 0.1189383132050156 0.08487342836421084 0.14066698046093923 0.28750495498793693 0.08768867690819648 0 0.1131099418605858 0.1445566888153283 0.11790866395704298 0.16191840356437462 0.08211461479447944 0.21278894609480756 0.09717137550767527
0.16101120712343495 0.19723803731483922 0.13085301575924865 0.05030759936605941 0.15407204817017475 0.36399167125808785 0.3167521284194104 0.19744202747931427 0.1506518765677322 0.10456953666822945 0.36391267143702544 0.07333462210502346 0.1131099418605858 0 0.1430986861950434 0.1280620749506728 0.21279254047232313 0.06727150725415915 0.17564567960655406 0.17336547378989858
0.1905328058853372 0.11457909934055786 0.15580684445417278 0.15308114992624075 0.1614846187764596 0.45688144583596974 0.34572738126882735 0.19662445863631872 0.1745518735371038 0.05000206624377632 0.4271210980886246 0.10041756693259585 0.1445566888153283 0.1430986861950434 0 0.05143782395502724 0.2884349722116464 0.17911309305786643 0.08439043934108315 0.23173829810590607
0.16388627860430385 0.14018585336343778 0.12400408446645028 0.13772623842892756 0.13519242382984925 0.4168026356679775 0.31974962526657663 0.1757679186213615 0.1317846093440544 0.06606419975566205 0.40116977753831934 0.07446025784619277 0.11790866395704298 0.1280620749506728 0.05143782395502724 0 0.2505408637751731 0.15937618287449687 0.10950807327655875 0.2053642662596533
0.12093595856020034 0.39036874995053944 0.1493113317564336 0.18670816198043183 0.1906041319728296 0.17187709230983575 0.14785921742704325 0.1641601295704932 0.15206808141609124 0.2851289497679352 0.18605210188381266 0.22495606755791375 0.16191840356437462 0.21279254047232313 0.2884349722116464 0.2505408637751731 0 0.18056262695814174 0.35289705755642875 0.06647544862615898
0.12369267399882336 0.23709904933225592 0.10620624298644951 0.05217413221693679 0.12427993780977105 0.3145805309302787 0.28565599452002116 0.16753712829629708 0.12619499572649667 0.13943483718643485 0.331200660553418 0.1086507326357184 0.08211461479447944 0.06727150725415915 0.17911309305786643 0.15937618287449687 0.18056262695814174 0 0.21092506540325895 0.1348483121637757
0.2651681074979299 0.06899793680087594 0.21892432412966017 0.19597494199121446 0.2293419777311924 0.5122746955691456 0.4239550474461234 0.27116094287926495 0.23783076826359223 0.08941920149561113 0.5080619708278709 0.14333643696784565 0.21278894609480756 0.17564567960655406 0.08439043934108315 0.10950807327655875 0.35289705755642875 0.21092506540325895 0 0.30708469836486013
0.05464603257736498 0.3337549075539233 0.08471797383978849 0.14086077481456435 0.1503364309398867 0.22583947983107316 0.16563698349810535 0.10965336222334296 0.099556303894016 0.22244712847290327 0.2041684574315704 0.1740024360511572 0.09717137550767527 0.17336547378989858 0.23173829810590607 0.2053642662596533 0.06647544862615898 0.1348483121637757 0.30708469836486013 0
