0 0.19139511607884782 0.1830622804747594 0.21935749232238214 0.060607173695688625 0.12397957476677195 0.1320694619916915 0.09776176266971187 0.13058974236432472 0.12087182295772811 0.10801382665477437 0.30875158215350307 0.07486365395814389 0.2707939575397056 0.2614064523559687 0.1968217492701037 0.2502031694768477 0.09543952115414815 0.3019443604868725 0.15087818809316483
0.19139511607884782 0 0.08583639192592958 0.10339229911478842 0.21062135091157375 0.14530212501928982 0.3024888937578064 0.2537332999116115 0.10038502480061359 0.11086426052087243 0.17826635694252058 0.14907119849998599 0.23079180430256946 0.1535488058317541 0.12329294150634641 0.09130046798920956 0.13933178128271467 0.2735550684577553 0.13847246374174338 0.08456937723415414
0.1830622804747594 0.08583639192592958 0 0.0805929773352382 0.19945193787376095 0.12038394145580052 0.280022798261218 0.24663040823382396 0.10340025998735555 0.07612950493318375 0.16976271015952457 0.14825401942376257 0.22691839151758014 0.12271104754572017 0.10214916161923304 0.07347096331258668 0.11256223422043292 0.2329313222890867 0.13999039187562756 0.09333167411831968
0.21935749232238214 0.10339229911478842 0.0805929773352382 0 0.21472854125428933 0.16587220067425928 0.32766550780397463 0.2710687382741972 0.14947919314753513 0.11080427092083411 0.21914624575478112 0.1124718855424824 0.2516366409625805 0.08753123968919349 0.07819290527140303 0.06103956343207512 0.0690747105739927 0.2837521769195829 0.1022396205292721 0.13217013315942025
0.060607173695688625 0.21062135091157375 0.19945193787376095 0.21472854125428933 0 0.11202767873705521 0.16295766442058005 0.08872139507342691 0.1668865798966341 0.13834472640445228 0.12724286715149197 0.306885996601695 0.10748299098988608 0.27541720727734664 0.2725014277255255 0.19225950925313398 0.2357723226307715 0.10348673676084438 0.30315142076804913 0.1892434771515757
0.12397957476677195 0.14530212501928982 0.12038394145580052 0.16587220067425928 0.11202767873705521 0 0.22728432252424743 0.17284832429004493 0.07586387312188372 0.11171111375907829 0.11091956367701424 0.22602116787360343 0.16528684143850858 0.18333795263951427 0.17972297355158082 0.15054198589899628 0.16817499303650435 0.14834694416677885 0.22268457178269718 0.11952286093343938
0.1320694619916915 0.3024888937578064 0.280022798261218 0.32766550780397463 0.16295766442058005 0.22728432252424743 0 0.14285714285714285 0.21318208953580925 0.23389746006015205 0.1434184697458648 0.4212427577335875 0.11182766966630438 0.37745381014823604 0.3678571428571429 0.30794249948857366 0.3603933710880352 0.13122266479195596 0.4168608181047333 0.2414726442081476
0.09776176266971187 0.2537332999116115 0.24663040823382396 0.2710687382741972 0.08872139507342691 0.17284832429004493 0.14285714285714285 0 0.21457543652623937 0.18766509660966588 0.16313850933592122 0.364392109128892 0.13046561461068845 0.3259507668943646 0.3233333333333333 0.24483329588968075 0.3023906669196578 0.07711356597650747 0.3603682045036547 0.23288695019185787
0.13058974236432472 0.10038502480061359 0.10340025998735555 0.14947919314753513 0.1668865798966341 0.07586387312188372 0.21318208953580925 0.21457543652623937 0 0.09413373512514842 0.09546959142271438 0.2104385056661009 0.1603333746386739 0.18785813330608883 0.16678363475448607 0.13704837741309436 0.18491404504855158 0.19112739302699863 0.20435756342738362 0.05605343333429926
0.12087182295772811 0.11086426052087243 0.07612950493318375 0.11080427092083411 0.13834472640445228 0.11171111375907829 0.23389746006015205 0.18766509660966588 0.09413373512514842 0 0.14058093726405244 0.19556557354215676 0.1611436550994848 0.15888203158240416 0.1522385222496779 0.08561490209888169 0.13760879089730765 0.1837171366795762 0.18962127307258417 0.09386883042953507
0.10801382665477437 0.17826635694252058 0.16976271015952457 0.21914624575478112 0.12724286715149197 0.11091956367701424 0.1434184697458648 0.16313850933592122 0.09546959142271438 0.14058093726405244 0 0.2948251912303571 0.09004754798423363 0.25410023442306834 0.2447077640038818 0.19703700641365718 0.2526270601835183 0.12807887989463998 0.2851451758511703 0.11666532754065678
0.30875158215350307 0.14907119849998599 0.14825401942376257 0.1124718855424824 0.306885996601695 0.22602116787360343 0.4212427577335875 0.364392109128892 0.2104385056661009 0.19556557354215676 0.2948251912303571 0 0.3440441087135825 0.0497259098053661 0.059932912685673016 0.13780398564095586 0.08308142249980877 0.37190613902597885 0.032110176201020614 0.19450581563354588
0.07486365395814389 0.23079180430256946 0.22691839151758014 0.2516366409625805 0.10748299098988608 0.16528684143850858 0.11182766966630438 0.13046561461068845 0.1603333746386739 0.1611436550994848 0.09004754798423363 0.3440441087135825 0 0.30605377862813327 0.30007091360458343 0.2256794801795112 0.27593945137191217 0.11540178894644994 0.33389439449196867 0.1617199016165249
0.2707939575397056 0.1535488058317541 0.12271104754572017 0.08753123968919349 0.27541720727734664 0.18333795263951427 0.37745381014823604 0.3259507668943646 0.18785813330608883 0.15888203158240416 0.25410023442306834 0.0497259098053661 0.30605377862813327 0 0.046917155840855505 0.10777166083060503 0.052856329557389614 0.3293117840727507 0.0637868443443767 0.17252200003346765
0.2614064523559687 0.12329294150634641 0.10214916161923304 0.07819290527140303 0.2725014277255255 0.17972297355158082 0.3678571428571429 0.3233333333333333 0.16678363475448607 0.1522385222496779 0.2447077640038818 0.059932912685673016 0.30007091360458343 0.046917155840855505 0 0.10378802760540815 0.06115766297251507 0.3231965632838915 0.055011960422018086 0.152127765851133
0.1968217492701037 0.09130046798920956 0.07347096331258668 0.06103956343207512 0.19225950925313398 0.15054198589899628 0.30794249948857366 0.24483329588968075 0.13704837741309436 0.08561490209888169 0.19703700641365718 0.13780398564095586 0.2256794801795112 0.10777166083060503 0.10378802760540815 0 0.07866477058689555 0.260746368249379 0.12985004513369441 0.11995472563499682
0.2502031694768477 0.13933178128271467 0.11256223422043292 0.0690747105739927 0.2357723226307715 0.16817499303650435 0.3603933710880352 0.3023906669196578 0.18491404504855158 0.13760879089730765 0.2526270601835183 0.08308142249980877 0.27593945137191217 0.052856329557389614 0.06115766297251507 0.07866477058689555 0 0.3086261820554443 0.08776703308557704 0.17516373351660552
0.09543952115414815 0.2735550684577553 0.2329313222890867 0.2837521769195829 0.10348673676084438 0.14834694416677885 0.13122266479195596 0.07711356597650747 0.19112739302699863 0.1837171366795762 0.12807887989463998 0.37190613902597885 0.11540178894644994 0.3293117840727507 0.3231965632838915 0.260746368249379 0.3086261820554443 0 0.367799258565372 0.22235445801031414
0.3019443604868725 0.13847246374174338 0.13999039187562756 0.1022396205292721 0.30315142076804913 0.22268457178269718 0.4168608181047333 0.3603682045036547 0.20435756342738362 0.18962127307258417 0.2851451758511703 0.032110176201020614 0.33389439449196867 0.0637868443443767 0.055011960422018086 0.12985004513369441 0.08776703308557704 0.367799258565372 0 0.18327908892698686
0.15087818809316483 0.08456937723415414 0.09333167411831968 0.13217013315942025 0.1892434771515757 0.11952286093343938 0.2414726442081476 0.23288695019185787 0.05605343333429926 0.09386883042953507 0.11666532754065678 0.19450581563354588 0.1617199016165249 0.17252200003346765 0.152127765851133 0.11995472563499682 0.17516373351660552 0.22235445801031414 0.18327908892698686 0
