0 0.10769947256064973 0.14042957196433706 0.11831185846116425 0.10066334727968183 0.17693600942877244 0.18536283904560238 0.17624789753611822 0.2272633851582356 0.18232263187229467 0.15314721197081796 0.23643258552267607 0.16751769634317829 0.10219443663792527 0.15311040995420927 0.11208048331201152 0.16433731069943303 0.19110128866761475 0.10527165345168277 0.2912784382517298
0.10769947256064973 0 0.17755263083807205 0.06752237049095156 0.11931943372350838 0.16358770015377588 0.22504286542699473 0.20891218002655543 0.25749792357372714 0.2161127538262668 0.12662839065155054 0.26914193684885196 0.24232912382815058 0.10902085391523918 0.22878309248179418 0.02132201008823001 0.19695856643626194 0.24271786771358161 0.13797712127879885 0.3241621864026778
0.14042957196433706 0.17755263083807205 0 0.2152151537293153 0.09334851846400695 0.07268080112127745 0.0782490325821397 0.0847469893160186 0.08953389112480148 0.04070298275642923 0.0833894084005504 0.12268450451069557 0.1282211147624886 0.10529816587460658 0.10254432451196417 0.16681088656715073 0.08254758048208166 0.11169894542127669 0.035657572787702645 0.1761149025819529
0.11831185846116425 0.06752237049095156 0.2152151537293153 0 0.16408875491689018 0.211507175808565 0.2673616028780017 0.2615141201853195 0.3087135397057901 0.25528672591306034 0.1704867852492875 0.32290498773334875 0.2674935420361693 0.15377034888769792 0.24579983811540726 0.06315539556208946 0.24927913790282763 0.2869661766501469 0.18935242733246035 0.37918499020261265
0.10066334727968183 0.11931943372350838 0.09334851846400695 0.16408875491689018 0 0.0883424159785115 0.15856442736976314 0.16271976414992706 0.15403219221465914 0.12456288610204155 0.05379800831026698 0.21167735633679016 0.15099833000053078 0.018870074321028538 0.12696538673496652 0.1116025101053364 0.14135562471796165 0.1401199317121072 0.10805001725961431 0.26219796349884644
0.17693600942877244 0.16358770015377588 0.07268080112127745 0.211507175808565 0.0883424159785115 0 0.1123935746959229 0.10708311760258818 0.09385738317058574 0.07384930015555073 0.049171606991942896 0.1345906075973798 0.13201254178723298 0.10003450060478704 0.10688530276051557 0.15665079058735742 0.11718106746031834 0.12197162842994652 0.07964368748951607 0.17574336773445
0.18536283904560238 0.22504286542699473 0.0782490325821397 0.2673616028780017 0.15856442736976314 0.1123935746959229 0 0.03399487990679202 0.04469430673130739 0.06154151684934466 0.13736926627710652 0.0614207494950421 0.07715073006803383 0.17083187729629798 0.08143699464477326 0.21858403780193666 0.03720060084958654 0.11616427369719223 0.08798793151995488 0.11411987361002757
0.17624789753611822 0.20891218002655543 0.0847469893160186 0.2615141201853195 0.16271976414992706 0.10708311760258818 0.03399487990679202 0 0.06742238054951037 0.07957438376509583 0.13187024431007174 0.0671410150379108 0.07471542001615925 0.17180252077445965 0.07604972938227259 0.20586879604587965 0.03165628197004032 0.12266551845603109 0.07323133818414529 0.12241950634797029
0.2272633851582356 0.25749792357372714 0.08953389112480148 0.3087135397057901 0.15403219221465914 0.09385738317058574 0.04469430673130739 0.06742238054951037 0 0.061027948620309934 0.13622291021671826 0.07414909974708196 0.09634202457882961 0.16940627342467887 0.08940997555203642 0.25460691228466 0.07661802306560098 0.103675387294342 0.12034988431053252 0.12071203770126229
0.18232263187229467 0.2161127538262668 0.04070298275642923 0.25528672591306034 0.12456288610204155 0.07384930015555073 0.06154151684934466 0.07957438376509583 0.061027948620309934 0 0.10068756789177184 0.10835005531125701 0.1099905198524193 0.12987525733921815 0.084722544915353 0.20935490621503483 0.07144882623443115 0.09365943607778474 0.07575540190785701 0.15566036143925352
0.15314721197081796 0.12662839065155054 0.0833894084005504 0.1704867852492875 0.05379800831026698 0.049171606991942896 0.13736926627710652 0.13187024431007174 0.13622291021671826 0.10068756789177184 0 0.16870477946657514 0.1551806658873536 0.05825736099672215 0.12894038220028023 0.1192078468487001 0.1395482947338615 0.14484061460238956 0.08070521653765121 0.21642366563351317
0.23643258552267607 0.26914193684885196 0.12268450451069557 0.32290498773334875 0.21167735633679016 0.1345906075973798 0.0614207494950421 0.0671410150379108 0.07414909974708196 0.10835005531125701 0.16870477946657514 0 0.100229053394598 0.2242403150640929 0.104776269614208 0.26642718880177 0.0705335233892056 0.14591639396289782 0.12943545440790588 0.060104142515449675
0.16751769634317829 0.24232912382815058 0.1282211147624886 0.2674935420361693 0.15099833000053078 0.13201254178723298 0.07715073006803383 0.07471542001615925 0.09634202457882961 0.1099905198524193 0.1551806658873536 0.100229053394598 0 0.15996001499375273 0.0324534611433613 0.24636588167331408 0.04354141015610547 0.05302610459773757 0.12310897929241087 0.12605192350678524
0.10219443663792527 0.10902085391523918 0.10529816587460658 0.15377034888769792 0.018870074321028538 0.10003450060478704 0.17083187729629798 0.17180252077445965 0.16940627342467887 0.12987525733921815 0.05825736099672215 0.2242403150640929 0.15996001499375273 0 0.1390725719209956 0.1011607001012819 0.15351766519712737 0.14902502021445443 0.12030895377860215 0.2721012384366922
0.15311040995420927 0.22878309248179418 0.10254432451196417 0.24579983811540726 0.12696538673496652 0.10688530276051557 0.08143699464477326 0.07604972938227259 0.08940997555203642 0.084722544915353 0.12894038220028023 0.104776269614208 0.0324534611433613 0.1390725719209956 0 0.23285379007914148 0.04431899678243386 0.05697157827189511 0.10964408669561684 0.1413951743697821
0.11208048331201152 0.02132201008823001 0.16681088656715073 0.06315539556208946 0.1116025101053364 0.15665079058735742 0.21858403780193666 0.20586879604587965 0.25460691228466 0.20935490621503483 0.1192078468487001 0.26642718880177 0.24636588167331408 0.1011607001012819 0.23285379007914148 0 0.197378969404313 0.23608194441167973 0.1345345587992625 0.32173050507230355
0.16433731069943303 0.19695856643626194 0.08254758048208166 0.24927913790282763 0.14135562471796165 0.11718106746031834 0.03720060084958654 0.03165628197004032 0.07661802306560098 0.07144882623443115 0.1395482947338615 0.0705335233892056 0.04354141015610547 0.15351766519712737 0.04431899678243386 0.197378969404313 0 0.09145537590499819 0.08013706149099183 0.12365878095146869
0.19110128866761475 0.24271786771358161 0.11169894542127669 0.2869661766501469 0.1401199317121072 0.12197162842994652 0.11616427369719223 0.12266551845603109 0.103675387294342 0.09365943607778474 0.14484061460238956 0.14591639396289782 0.05302610459773757 0.14902502021445443 0.05697157827189511 0.23608194441167973 0.09145537590499819 0 0.14388777105056527 0.14641235909922537
0.10527165345168277 0.13797712127879885 0.035657572787702645 0.18935242733246035 0.10805001725961431 0.07964368748951607 0.08798793151995488 0.07323133818414529 0.12034988431053252 0.07575540190785701 0.08070521653765121 0.12943545440790588 0.12310897929241087 0.12030895377860215 0.10964408669561684 0.1345345587992625 0.08013706149099183 0.14388777105056527 0 0.18301093263076115
0.2912784382517298 0.3241621864026778 0.1761149025819529 0.37918499020261265 0.26219796349884644 0.17574336773445 0.11411987361002757 0.12241950634797029 0.12071203770126229 0.15566036143925352 0.21642366563351317 0.060104142515449675 0.12605192350678524 0.2721012384366922 0.1413951743697821 0.32173050507230355 0.12365878095146869 0.14641235909922537 0.18301093263076115 0
