0 0.1291069165548597 0.21584119929448928 0.32400713944704584 0.2064929456215215 0.3990905186738066 0.1818895883568583 0.14558905741842304 0.2056470016359288 0.1723216407411561 0.18625050460815173 0.3113454061800234 0.40319588050614985 0.46228839582178693 0.19366037483228957 0.3191622052621442 0.15259635892993023 0.3237992224272243 0.3698594726419733 0.40913053496405544
0.1291069165548597 0 0.21729920971066716 0.31753026894788033 0.08717875838193424 0.5365792312490648 0.1898691585668864 0.08510662080137851 0.20917329745567304 0.19427197809416183 0.3170212312032652 0.4477258627399218 0.3864304674700999 0.43715090038052545 0.19811320754716982 0.311841486216273 0.13380429153198056 0.45864600573357844 0.355198529467703 0.38864212470131637
0.21584119929448928 0.21729920971066716 0 0.19040152632810003 0.11958615077686513 0.5662564503132547 0.09028938981432691 0.3021284421841467 0.04287464628562721 0.04276994613841508 0.34262414443209643 0.476016554648707 0.17919968342404552 0.1889822365046136 0.02102895577845166 0.14258795636800753 0.08372183582789214 0.4868351127089049 0.11474813650539462 0.15549158041176175
0.32400713944704584 0.31753026894788033 0.19040152632810003 0 0.24551337554926617 0.38572713814458864 0.11660143785101659 0.4187918696468626 0.14481158357273116 0.16145300607524068 0.26094464022692226 0.27082812092210784 0.08739008229430824 0.15957459306506064 0.1671211941830949 0.047215590484301156 0.1912891839434553 0.2837246981088749 0.09119257182858703 0.12357217770393575
0.2064929456215215 0.08717875838193424 0.11958615077686513 0.24551337554926617 0 0.6301773823665957 0.1439648077851633 0.16804826716750113 0.10938056352464587 0.09547427358236892 0.40062589204832183 0.538199881596039 0.2649502590101417 0.3163952152030587 0.10059087505607797 0.19704007381285776 0.05339718444069471 0.5485498793190398 0.24151226798157222 0.2762632166120021
0.3990905186738066 0.5365792312490648 0.5662564503132547 0.38572713814458864 0.6301773823665957 0 0.4632727657853359 0.561233992737831 0.5113253562160811 0.5338011940992298 0.20589148682698388 0.3060538702221559 0.5015287750467584 0.589660220656079 0.5365792312490648 0.40865009811288894 0.5688963548353353 0.10801901301958443 0.45828585961935675 0.5175072609946514
0.1818895883568583 0.1898691585668864 0.09028938981432691 0.11660143785101659 0.1439648077851633 0.4632727657853359 0 0.28167145940743554 0.046453507819612536 0.06178675742766599 0.2474825994914384 0.37509158627563594 0.19415796085533144 0.25594636229622564 0.0683528970840791 0.12015900936983316 0.0907103216524276 0.38681319834674954 0.17405705902037324 0.21660541585678256
0.14558905741842304 0.08510662080137851 0.3021284421841467 0.4187918696468626 0.16804826716750113 0.561233992737831 0.28167145940743554 0 0.2964277137211464 0.26685468076279295 0.33703046189935704 0.4706775494505117 0.4862417176046737 0.5337897047366787 0.28368873600459504 0.40875790394717154 0.21882898127436723 0.4816235389726166 0.4489190382368827 0.4794609095447632
0.2056470016359288 0.20917329745567304 0.04287464628562721 0.14481158357273116 0.10938056352464587 0.5113253562160811 0.046453507819612536 0.2964277137211464 0 0.02933994099743798 0.2937977800288357 0.4230237673381731 0.15086859790193655 0.21066621015445344 0.021638616978173073 0.0978145311019003 0.07179088195008453 0.43415597174180925 0.13381817279721958 0.1752375654201043
0.1723216407411561 0.19427197809416183 0.04276994613841508 0.16145300607524068 0.09547427358236892 0.5338011940992298 0.06178675742766599 0.26685468076279295 0.02933994099743798 0 0.31261901233240136 0.4442007797087807 0.18394465939361904 0.24248280229258634 0.02158577534379576 0.11383827865846542 0.05729245454349082 0.4553057992015002 0.16490112635872606 0.20521130973494667
0.18625050460815173 0.3170212312032652 0.34262414443209643 0.26094464022692226 0.40062589204832183 0.20589148682698388 0.2474825994914384 0.33703046189935704 0.2937977800288357 0.31261901233240136 0 0.17792156156948458 0.3572255314366029 0.4316658473017156 0.3170212312032652 0.26055507497018493 0.3442214684497918 0.13344117117711343 0.32500798532146274 0.3754631007779147
0.3113454061800234 0.4477258627399218 0.476016554648707 0.27082812092210784 0.538199881596039 0.3060538702221559 0.37509158627563594 0.4706775494505117 0.4230237673381731 0.4442007797087807 0.17792156156948458 0 0.2791702338468649 0.34347857005916343 0.4477258627399218 0.3208599856076685 0.47823575807589475 0.1853932584269663 0.3694434306199378 0.40372672573357754
0.40319588050614985 0.3864304674700999 0.17919968342404552 0.08739008229430824 0.2649502590101417 0.5015287750467584 0.19415796085533144 0.4862417176046737 0.15086859790193655 0.18394465939361904 0.3572255314366029 0.2791702338468649 0 0.07388848790049787 0.15621657195599783 0.07433226659266491 0.22913560436131042 0.3933762386024005 0.08075584041486233 0.11290365064008277
0.46228839582178693 0.43715090038052545 0.1889822365046136 0.15957459306506064 0.3163952152030587 0.589660220656079 0.25594636229622564 0.5337897047366787 0.21066621015445344 0.24248280229258634 0.4316658473017156 0.34347857005916343 0.07388848790049787 0 0.2146013510958943 0.14371515142959107 0.28479491602248863 0.47841657972526336 0.07806729409749422 0.05877029324770341
0.19366037483228957 0.19811320754716982 0.02102895577845166 0.1671211941830949 0.10059087505607797 0.5365792312490648 0.0683528970840791 0.28368873600459504 0.021638616978173073 0.02158577534379576 0.3170212312032652 0.4477258627399218 0.15621657195599783 0.2146013510958943 0 0.11993903316010501 0.06338098019935921 0.45864600573357844 0.13899072892214465 0.17937328832368446
0.3191622052621442 0.311841486216273 0.14258795636800753 0.047215590484301156 0.19704007381285776 0.40865009811288894 0.12015900936983316 0.40875790394717154 0.0978145311019003 0.11383827865846542 0.26055507497018493 0.3208599856076685 0.07433226659266491 0.14371515142959107 0.11993903316010501 0 0.15916967298769297 0.3332007542848865 0.06108368851700781 0.10980036071751718
0.15259635892993023 0.13380429153198056 0.08372183582789214 0.1912891839434553 0.05339718444069471 0.5688963548353353 0.0907103216524276 0.21882898127436723 0.07179088195008453 0.05729245454349082 0.3442214684497918 0.47823575807589475 0.22913560436131042 0.28479491602248863 0.06338098019935921 0.15916967298769297 0 0.4891047525776196 0.207509572354922 0.24548305070808527
0.3237992224272243 0.45864600573357844 0.4868351127089049 0.2837246981088749 0.5485498793190398 0.10801901301958443 0.38681319834674954 0.4816235389726166 0.43415597174180925 0.4553057992015002 0.13344117117711343 0.1853932584269663 0.3933762386024005 0.47841657972526336 0.45864600573357844 0.3332007542848865 0.4891047525776196 0 0.38136096063993574 0.41526177504025114
0.3698594726419733 0.355198529467703 0.11474813650539462 0.09119257182858703 0.24151226798157222 0.45828585961935675 0.17405705902037324 0.4489190382368827 0.13381817279721958 0.16490112635872606 0.32500798532146274 0.3694434306199378 0.08075584041486233 0.07806729409749422 0.13899072892214465 0.06108368851700781 0.207509572354922 0.38136096063993574 0 0.04893906951642069
0.40913053496405544 0.38864212470131637 0.15549158041176175 0.12357217770393575 0.2762632166120021 0.5175072609946514 0.21660541585678256 0.4794609095447632 0.1752375654201043 0.20521130973494667 0.3754631007779147 0.40372672573357754 0.11290365064008277 0.05877029324770341 0.17937328832368446 0.10980036071751718 0.24548305070808527 0.41526177504025114 0.04893906951642069 0
