0 0.10726598382247304 0.09119594252743046 0.100321544238141 0.1437770309379179 0.4367853486341326 0.24195133465860427 0.31025261399701154 0.12472191289246472 0.14569287935358963 0.04429116695439449 0.09331420973586939 0.09687303228651606 0.1926322479246823 0.11283386673105501 0.20373936799021466 0.16830643442669907 0.1767766952966369 0.39777864208786506 0.15411301641245267
0.10726598382247304 0 0.15440861970329114 0.18773961671118977 0.20019441644952285 0.31917167154162285 0.15301409312053074 0.20735720782958125 0.08732726046411893 0.19474755280355766 0.06315089779506726 0.04535746469743801 0.16402079727762162 0.10448925095464312 0.2193817272381392 0.25260359118026904 0.22102814228273543 0.09001800540180063 0.5080788131943478 0.21004201260420147
0.09119594252743046 0.15440861970329114 0 0.1976166241042589 0.053103121493224756 0.5162363480991721 0.3151733273680905 0.39045415785978005 0.21058393700668443 0.0956635160557379 0.1308692607998835 0.10861697945930156 0.19082363367295516 0.27221645138967193 0.15154350124905389 0.1134200260265657 0.0785215564799301 0.25701985937740973 0.44401576975360746 0.06250110724314183
0.100321544238141 0.18773961671118977 0.1976166241042589 0 0.253140037657654 0.37859599303693325 0.27906041274034205 0.24277516645278055 0.09652341781316803 0.24555106197305512 0.12476950008047485 0.17463313974883377 0.0209918567390715 0.1724140770521491 0.16670783417789514 0.31672257712735924 0.27833196171798236 0.19153271942071842 0.3160536797025068 0.2651991499671486
0.1437770309379179 0.20019441644952285 0.053103121493224756 0.253140037657654 0 0.5595453322016485 0.3560061250556111 0.43492019689187766 0.25937568796690574 0.10997327051684082 0.1805342878499144 0.15642349387119467 0.24443845264990133 0.31699984327164815 0.12941464409296285 0.06017809594997147 0.02579061254998777 0.30227395190927 0.41177831133535153 0.008797994442265655
0.4367853486341326 0.31917167154162285 0.5162363480991721 0.37859599303693325 0.5595453322016485 0 0.13990774040122234 0.11383158878224194 0.30257917992748395 0.5192739632320611 0.37608104562398625 0.376161868021879 0.3655819109996194 0.21334709516884223 0.5322691420329001 0.6100870295677999 0.5766576032901123 0.23031675196255644 0.47536326351470015 0.573042740957236
0.24195133465860427 0.15301409312053074 0.3151733273680905 0.27906041274034205 0.3560061250556111 0.13990774040122234 0 0.10896682360339989 0.1727160301410068 0.3343120149450861 0.19413799960408715 0.2002180431282596 0.2531364421048051 0.09883693657685838 0.3112715087397336 0.4032096914854118 0.37334230693093684 0.08514850866846711 0.6147138233440499 0.3667935758026275
0.31025261399701154 0.20735720782958125 0.39045415785978005 0.24277516645278055 0.43492019689187766 0.11383158878224194 0.10896682360339989 0 0.18242069763151808 0.4068143699418217 0.25559097603716835 0.2605587974425697 0.23442986964312632 0.10134007303875522 0.3914419325805573 0.4864473414900946 0.4534678607111052 0.117525925306146 0.4936474539997671 0.4472012132162068
0.12472191289246472 0.08732726046411893 0.21058393700668443 0.09652341781316803 0.25937568796690574 0.30257917992748395 0.1727160301410068 0.18242069763151808 0 0.24920358319255922 0.07670578361316337 0.08978137769550562 0.07456437192014401 0.07252406676228423 0.18751623306353415 0.31534599929856055 0.2812545399149324 0.08909162578074642 0.40823352534005974 0.27038996915275487
0.14569287935358963 0.19474755280355766 0.0956635160557379 0.24555106197305512 0.10997327051684082 0.5192739632320611 0.3343120149450861 0.4068143699418217 0.24920358319255922 0 0.17810025096104967 0.1557270185026337 0.23711034489300106 0.30017504898692915 0.24210297555352278 0.08517838089441507 0.08517838089441507 0.2869854639642253 0.5331723445425066 0.11886971880175011
0.04429116695439449 0.06315089779506726 0.1308692607998835 0.12476950008047485 0.1805342878499144 0.37608104562398625 0.19413799960408715 0.25559097603716835 0.07670578361316337 0.17810025096104967 0 0.048694198494971745 0.10194512279800141 0.1442263244544471 0.1570137343957719 0.23728813559322035 0.2033898305084746 0.12885360480048494 0.44397562223967024 0.19080245326225656
0.09331420973586939 0.04535746469743801 0.10861697945930156 0.17463313974883377 0.15642349387119467 0.376161868021879 0.2002180431282596 0.2605587974425697 0.08978137769550562 0.1557270185026337 0.048694198494971745 0 0.15087965009865187 0.15346523370367318 0.2067513337070339 0.2110081934782109 0.17854539448156306 0.1388216090729625 0.4980614351189533 0.16611132709585258
0.09687303228651606 0.16402079727762162 0.19082363367295516 0.0209918567390715 0.24443845264990133 0.3655819109996194 0.2531364421048051 0.23442986964312632 0.07456437192014401 0.23711034489300106 0.10194512279800141 0.15087965009865187 0 0.1489624229119661 0.16097732072779009 0.3058353683940042 0.2687644146492765 0.16733468350723868 0.33293396077514725 0.2560830379179604
0.1926322479246823 0.10448925095464312 0.27221645138967193 0.1724140770521491 0.31699984327164815 0.21334709516884223 0.09883693657685838 0.10134007303875522 0.07252406676228423 0.30017504898692915 0.1442263244544471 0.15346523370367318 0.1489624229119661 0 0.25979436665882194 0.36857838471692034 0.3365280903937099 0.015228622596829316 0.4917325702029396 0.32800110208555455
0.11283386673105501 0.2193817272381392 0.15154350124905389 0.16670783417789514 0.12941464409296285 0.5322691420329001 0.3112715087397336 0.3914419325805573 0.18751623306353415 0.24210297555352278 0.1570137343957719 0.2067513337070339 0.16097732072779009 0.25979436665882194 0 0.1766404511952434 0.1570137343957719 0.24246530650972198 0.2790900469656791 0.12051530027702158
0.20373936799021466 0.25260359118026904 0.1134200260265657 0.31672257712735924 0.06017809594997147 0.6100870295677999 0.4032096914854118 0.4864473414900946 0.31534599929856055 0.08517838089441507 0.23728813559322035 0.2110081934782109 0.3058353683940042 0.36857838471692034 0.1766404511952434 0 0.03389830508474576 0.35434741320133356 0.44397562223967024 0.05203703270788815
0.16830643442669907 0.22102814228273543 0.0785215564799301 0.27833196171798236 0.02579061254998777 0.5766576032901123 0.37334230693093684 0.4534678607111052 0.2812545399149324 0.08517838089441507 0.2033898305084746 0.17854539448156306 0.2687644146492765 0.3365280903937099 0.1570137343957719 0.03389830508474576 0 0.32213401200121233 0.44397562223967024 0.0346913551385921
0.1767766952966369 0.09001800540180063 0.25701985937740973 0.19153271942071842 0.30227395190927 0.23031675196255644 0.08514850866846711 0.117525925306146 0.08909162578074642 0.2869854639642253 0.12885360480048494 0.1388216090729625 0.16733468350723868 0.015228622596829316 0.24246530650972198 0.35434741320133356 0.32213401200121233 0 0.5183440686409182 0.3131868131868132
0.39777864208786506 0.5080788131943478 0.44401576975360746 0.3160536797025068 0.41177831133535153 0.47536326351470015 0.6147138233440499 0.4936474539997671 0.40823352534005974 0.5331723445425066 0.44397562223967024 0.4980614351189533 0.33293396077514725 0.4917325702029396 0.2790900469656791 0.44397562223967024 0.44397562223967024 0.5183440686409182 0 0.40243528763892394
0.15411301641245267 0.21004201260420147 0.06250110724314183 0.2651991499671486 0.008797994442265655 0.573042740957236 0.3667935758026275 0.4472012132162068 0.27038996915275487 0.11886971880175011 0.19080245326225656 0.16611132709585258 0.2560830379179604 0.32800110208555455 0.12051530027702158 0.05203703270788815 0.0346913551385921 0.3131868131868132 0.40243528763892394 0
