0 0.1086051865420352 0.3897622691986715 0.13858286327928024 0.2576735608413086 0.16572980333363244 0.2810736371242605 0.1527102270206305 0.23472741673633885 0.4170116914689896 0.21038958142240088 0.10257624248277727 0.11637608921255717 0.09231861823449955 0.14384070672726268 0.13938889959715112 0.11595018087284058 0.2877352396977273 0.23162052730603974 0.11413834783352655
0.1086051865420352 0 0.42359805494594793 0.02942060296002468 0.307216488538227 0.15665164874336454 0.39694080612380755 0.20305024705253122 0.2775111179638281 0.44986691856298244 0.11525136790360628 0.21286565294510526 0.02250028125527355 0.20361062455618764 0.06107364535518098 0.1965075244957767 0.22825534498136688 0.17729569810776133 0.27167605821039964 0.2246886357936443
0.3897622691986715 0.42359805494594793 0 0.44453538703187034 0.1408648653621964 0.23405282542474481 0.33904797082009286 0.19223187614377285 0.11615233758329327 0.01734567756929605 0.2587852821174251 0.4514144863878442 0.39762767289699336 0.4808545615870515 0.49378011435048175 0.23336574749384717 0.3932911975898964 0.23498931542260382 0.13295331504689795 0.44670651294902347
0.13858286327928024 0.02942060296002468 0.44453538703187034 0 0.3321850236722798 0.1806504436418389 0.43036469134528416 0.2264377674655278 0.2992950098715436 0.4708979234780585 0.13892162578878187 0.24383436573242853 0.05122926527396124 0.23480346329789414 0.04469598384898887 0.22242856962578217 0.25984905445369333 0.1482875888241743 0.29228640190688987 0.25578866318435994
0.2576735608413086 0.307216488538227 0.1408648653621964 0.3321850236722798 0 0.1490289029426259 0.30364621324277996 0.13579976751684458 0.12066815253941553 0.16218044503816784 0.1941668698547641 0.3058465769027082 0.280899019563696 0.3364312345929791 0.3784260144710768 0.10390227007774698 0.2409584520405045 0.27202535635345026 0.16881617478439978 0.29906974318305424
0.16572980333363244 0.15665164874336454 0.23405282542474481 0.1806504436418389 0.1490289029426259 0 0.4583001820307452 0.04110274701121283 0.11038012453659907 0.25498193649253875 0.04483005936760252 0.2710276227229288 0.13461529267864392 0.2622847961834795 0.2163511546240533 0.09652873947513904 0.28749731915303034 0.11963114764748137 0.11186900836351843 0.2830048971694293
0.2810736371242605 0.39694080612380755 0.33904797082009286 0.43036469134528416 0.30364621324277996 0.4583001820307452 0 0.4455329672495926 0.4273088087271601 0.3230503356660171 0.5057692336457372 0.28430343956378823 0.40593217911306323 0.3249182166443294 0.4020234818350674 0.3564395886091623 0.19477033621927067 0.5927959182436581 0.4789273977390899 0.27389551783238836
0.1527102270206305 0.20305024705253122 0.19223187614377285 0.2264377674655278 0.13579976751684458 0.04110274701121283 0.4455329672495926 0 0.07025934530960844 0.2124674672965706 0.07174591203241885 0.258215947778412 0.18039064401970464 0.24931194957915642 0.2644074360831285 0.08318387919718599 0.2744974265986884 0.13402016730674624 0.07372024226203798 0.2702081404330756
0.23472741673633885 0.2775111179638281 0.11615233758329327 0.2992950098715436 0.12066815253941553 0.11038012453659907 0.4273088087271601 0.07025934530960844 0 0.13471901464198346 0.1379351875654173 0.2779700830429336 0.2543275128793151 0.3048704136599916 0.3402360245795672 0.09900135439465711 0.2580039490702595 0.14723464588000568 0.04724364615685912 0.2721132742995496
0.4170116914689896 0.44986691856298244 0.01734567756929605 0.4708979234780585 0.16218044503816784 0.25498193649253875 0.3230503356660171 0.2124674672965706 0.13471901464198346 0 0.2795528664970022 0.4820612011080863 0.42320736951515897 0.5121900261773418 0.5219003537644327 0.25588428609965985 0.4231328634345756 0.25422899266719584 0.1511819497108658 0.4774752991996652
0.21038958142240088 0.11525136790360628 0.2587852821174251 0.13892162578878187 0.1941668698547641 0.04483005936760252 0.5057692336457372 0.07174591203241885 0.1379351875654173 0.2795528664970022 0 0.31631540015071274 0.09443950725987983 0.30799131067306246 0.17165752608318913 0.14139308044851598 0.33360557987963757 0.07403592446274612 0.13783782951675982 0.3283926719982061
0.10257624248277727 0.21286565294510526 0.4514144863878442 0.24383436573242853 0.3058465769027082 0.2710276227229288 0.28430343956378823 0.258215947778412 0.2779700830429336 0.4820612011080863 0.31631540015071274 0 0.22101284060512716 0.03409090909090909 0.1968442454891508 0.17372057320849116 0.0817423891369599 0.39650613865159084 0.2908072636847007 0.011495012246792571
0.11637608921255717 0.02250028125527355 0.39762767289699336 0.05122926527396124 0.280899019563696 0.13461529267864392 0.40593217911306323 0.18039064401970464 0.2543275128793151 0.42320736951515897 0.09443950725987983 0.22101284060512716 0 0.2118039722465802 0.08355742552590406 0.17206413926368552 0.23658011170369192 0.1701110167461783 0.24952712949570335 0.23288332003331558
0.09231861823449955 0.20361062455618764 0.4808545615870515 0.23480346329789414 0.3364312345929791 0.2622847961834795 0.3249182166443294 0.24931194957915642 0.3048704136599916 0.5121900261773418 0.30799131067306246 0.03409090909090909 0.2118039722465802 0 0.18747070998966744 0.20267400207657302 0.11677484162422844 0.3887315084819518 0.2993604184989566 0.045980048987170286
0.14384070672726268 0.06107364535518098 0.49378011435048175 0.04469598384898887 0.3784260144710768 0.2163511546240533 0.4020234818350674 0.2644074360831285 0.3402360245795672 0.5219003537644327 0.17165752608318913 0.1968442454891508 0.08355742552590406 0.18747070998966744 0 0.26271132154027654 0.21191322869241871 0.19239203779083006 0.33159676997464393 0.20860188078142497
0.13938889959715112 0.1965075244957767 0.23336574749384717 0.22242856962578217 0.10390227007774698 0.09652873947513904 0.3564395886091623 0.08318387919718599 0.09900135439465711 0.25588428609965985 0.14139308044851598 0.17372057320849116 0.17206413926368552 0.20267400207657302 0.26271132154027654 0 0.1884361873985766 0.21789893114133385 0.11622718953108277 0.18549169082633293
0.11595018087284058 0.22825534498136688 0.3932911975898964 0.25984905445369333 0.2409584520405045 0.28749731915303034 0.19477033621927067 0.2744974265986884 0.2580039490702595 0.4231328634345756 0.33360557987963757 0.0817423891369599 0.23658011170369192 0.11677484162422844 0.21191322869241871 0.1884361873985766 0 0.41544644020721977 0.30762833603725 0.0708749307862342
0.2877352396977273 0.17729569810776133 0.23498931542260382 0.1482875888241743 0.27202535635345026 0.11963114764748137 0.5927959182436581 0.13402016730674624 0.14723464588000568 0.25422899266719584 0.07403592446274612 0.39650613865159084 0.1701110167461783 0.3887315084819518 0.19239203779083006 0.21789893114133385 0.41544644020721977 0 0.11118401305665625 0.4089546902093623
0.23162052730603974 0.27167605821039964 0.13295331504689795 0.29228640190688987 0.16881617478439978 0.11186900836351843 0.4789273977390899 0.07372024226203798 0.04724364615685912 0.1511819497108658 0.13783782951675982 0.2908072636847007 0.24952712949570335 0.2993604184989566 0.33159676997464393 0.11622718953108277 0.30762833603725 0.11118401305665625 0 0.3028213475628401
0.11413834783352655 0.2246886357936443 0.44670651294902347 0.25578866318435994 0.29906974318305424 0.2830048971694293 0.27389551783238836 0.2702081404330756 0.2721132742995496 0.4774752991996652 0.3283926719982061 0.011495012246792571 0.23288332003331558 0.045980048987170286 0.20860188078142497 0.18549169082633293 0.0708749307862342 0.4089546902093623 0.3028213475628401 0
