0 0.15048231635721152 0.10915508973630698 0.23503674680257022 0.15320911995683129 0.1807050663032288 0.15564320159117256 0.24948506639458295 0.17716466781757795 0.21545320416459132 0.11969747440993464 0.14467284665112362 0.34521243747021485 0.0777713771047819 0.07911877721292357 0.3857583749052298 0.28341346812801577 0.1160876721911654 0.13538190339412404 0.17208519330344177
0.15048231635721152 0 0.20014340477836023 0.0885759629332112 0.3124666267458028 0.27240208984279957 0.11242343760332198 0.1597287858344719 0.3359178848320477 0.14940010243248034 0.2686413821801839 0.23512361484296954 0.19304683562633607 0.14980117725462763 0.24645372105066363 0.29257106160206026 0.3779332298206631 0.20663499171723118 0.22433808401173969 0.2627244436815795
0.10915508973630698 0.20014340477836023 0 0.22240449843731921 0.24517791388633337 0.07124704998790964 0.2634640248865047 0.35992690553300566 0.26508518254513985 0.10941210620878764 0.20933657275934842 0.12390471622909682 0.323146244425708 0.04701678450529091 0.18833596797798127 0.5014030351182727 0.17133797102395312 0.11279081124173158 0.08665973059954894 0.06383924274560057
0.23503674680257022 0.0885759629332112 0.22240449843731921 0 0.3978573400097129 0.29481738963820076 0.18322746205235893 0.1376721979384837 0.42038504806022586 0.1712052745376505 0.3491325674634676 0.2572433795475311 0.09832102880166933 0.17166488683990377 0.338363072738301 0.2696369441168125 0.40101218457497306 0.2287861670881234 0.24609421938792053 0.2848829447444804
0.15320911995683129 0.3124666267458028 0.24517791388633337 0.3978573400097129 0 0.19882696935448688 0.24238714897403307 0.40839747676172183 0.02586591376877427 0.33553079968086075 0.05825248321362803 0.13299119710240956 0.520265981714472 0.21868051083205892 0.08663463322385839 0.438047902531539 0.29707398366579096 0.12106226030536898 0.1395223079123588 0.28169685564275815
0.1807050663032288 0.27240208984279957 0.07124704998790964 0.29481738963820076 0.19882696935448688 0 0.33457134440373704 0.4330127018922193 0.21797734812082037 0.14625448482542613 0.1668595375253027 0.08865926413116156 0.3968626966596886 0.11731769201708263 0.2601462210719736 0.5782774091253798 0.09866022655651319 0.07739572992033211 0.05405899027195887 0.08628403050799635
0.15564320159117256 0.11242343760332198 0.2634640248865047 0.18322746205235893 0.24238714897403307 0.33457134440373704 0 0.1652067845269884 0.2680239077694141 0.19315484057810045 0.22036744656484078 0.29722895447638314 0.2995012465378748 0.21304071579547104 0.1662430471838748 0.2737854484095116 0.43975652231799045 0.26947514673662704 0.28557772187996566 0.30679729040501086
0.24948506639458295 0.1597287858344719 0.35992690553300566 0.1376721979384837 0.40839747676172183 0.4330127018922193 0.1652067845269884 0 0.43396303660274627 0.3060952399175431 0.3560258220479412 0.3937496154790789 0.15002479953724476 0.3069169735837937 0.33915110817805644 0.157485197087178 0.5429143765630395 0.3656000086660744 0.38038372838742435 0.42152091588164103
0.17716466781757795 0.3359178848320477 0.26508518254513985 0.42038504806022586 0.02586591376877427 0.21797734812082037 0.2680239077694141 0.43396303660274627 0 0.35452941837413676 0.04907712076250194 0.12302840073201463 0.5433326339265738 0.23974311931442635 0.11353812025279053 0.46746443973986673 0.31285223752385677 0.14279120094844797 0.1599933246808107 0.2993309945142017
0.21545320416459132 0.14940010243248034 0.10941210620878764 0.1712052745376505 0.33553079968086075 0.14625448482542613 0.19315484057810045 0.3060952399175431 0.35452941837413676 0 0.29443903071585786 0.21694478943151618 0.26948512150110626 0.1286867895514982 0.28535663656622184 0.4428254134866708 0.24349782275633242 0.2083812002686512 0.17789331987918156 0.12376745153096659
0.11969747440993464 0.2686413821801839 0.20933657275934842 0.3491325674634676 0.05825248321362803 0.1668595375253027 0.22036744656484078 0.3560258220479412 0.04907712076250194 0.29443903071585786 0 0.08905872527915282 0.4627196694341002 0.1835210234391216 0.14611347479503395 0.45118890563867875 0.26169847468984797 0.0918797955007578 0.11030206935159655 0.24557290459717468
0.14467284665112362 0.23512361484296954 0.12390471622909682 0.2572433795475311 0.13299119710240956 0.08865926413116156 0.29722895447638314 0.3937496154790789 0.12302840073201463 0.21694478943151618 0.08905872527915282 0 0.3576553631696115 0.09751218978563242 0.22320360509751921 0.5357641172836892 0.1829330404903198 0.028790972566282942 0.034563680027780014 0.1765356611794535
0.34521243747021485 0.19304683562633607 0.323146244425708 0.09832102880166933 0.520265981714472 0.3968626966596886 0.2995012465378748 0.15002479953724476 0.5433326339265738 0.26948512150110626 0.4627196694341002 0.3576553631696115 0 0.27020857279342547 0.4638768320273718 0.2010416115928161 0.5069117604303285 0.32909440806565654 0.3447963748611879 0.3857031412277146
0.0777713771047819 0.14980117725462763 0.04701678450529091 0.17166488683990377 0.21868051083205892 0.11731769201708263 0.21304071579547104 0.3069169735837937 0.23974311931442635 0.1286867895514982 0.1835210234391216 0.09751218978563242 0.27020857279342547 0 0.1569059945967353 0.44401420868202035 0.21702356387798646 0.08512395380841402 0.07432120279078286 0.10949974742087391
0.07911877721292357 0.24645372105066363 0.18833596797798127 0.338363072738301 0.08663463322385839 0.2601462210719736 0.1662430471838748 0.33915110817805644 0.11353812025279053 0.28535663656622184 0.14611347479503395 0.22320360509751921 0.4638768320273718 0.1569059945967353 0 0.3570925517891119 0.364810282292159 0.19484716128272397 0.21264982914642164 0.2506429035727385
0.3857583749052298 0.29257106160206026 0.5014030351182727 0.2696369441168125 0.438047902531539 0.5782774091253798 0.2737854484095116 0.157485197087178 0.46746443973986673 0.4428254134866708 0.45118890563867875 0.5357641172836892 0.2010416115928161 0.44401420868202035 0.3570925517891119 0 0.6963423880154748 0.5066739868946862 0.5197893973644753 0.564861572955389
0.28341346812801577 0.3779332298206631 0.17133797102395312 0.40101218457497306 0.29707398366579096 0.09866022655651319 0.43975652231799045 0.5429143765630395 0.31285223752385677 0.24349782275633242 0.26169847468984797 0.1829330404903198 0.5069117604303285 0.21702356387798646 0.364810282292159 0.6963423880154748 0 0.17571201708073306 0.1500039064025945 0.11664175814742714
0.1160876721911654 0.20663499171723118 0.11279081124173158 0.2287861670881234 0.12106226030536898 0.07739572992033211 0.26947514673662704 0.3656000086660744 0.14279120094844797 0.2083812002686512 0.0918797955007578 0.028790972566282942 0.32909440806565654 0.08512395380841402 0.19484716128272397 0.5066739868946862 0.17571201708073306 0 0.02139512221459631 0.16811787327191954
0.13538190339412404 0.22433808401173969 0.08665973059954894 0.24609421938792053 0.1395223079123588 0.05405899027195887 0.28557772187996566 0.38038372838742435 0.1599933246808107 0.17789331987918156 0.11030206935159655 0.034563680027780014 0.3447963748611879 0.07432120279078286 0.21264982914642164 0.5197893973644753 0.1500039064025945 0.02139512221459631 0 0.1412783349274049
0.17208519330344177 0.2627244436815795 0.06383924274560057 0.2848829447444804 0.28169685564275815 0.08628403050799635 0.30679729040501086 0.42152091588164103 0.2993309945142017 0.12376745153096659 0.24557290459717468 0.1765356611794535 0.3857031412277146 0.10949974742087391 0.2506429035727385 0.564861572955389 0.11664175814742714 0.16811787327191954 0.1412783349274049 0
