0 0.17964190348530462 0.07709040348271302 0.10291030627997888 0.19504036624965818 0.08052720693517774 0.12250968601533875 0.18356513156830853 0.20175288189295507 0.22998945338818597 0.11604087324562122 0.05584897806489173 0.2041241452319315 0.14611347479503395 0.16332431416750345 0.02926989180530597 0.20329038712350392 0.05241127912379302 0.1405492085917604 0.20755502866507555
0.17964190348530462 0 0.13856632693135676 0.1301954592820455 0.25091598555808575 0.12245488074748315 0.20897797453485134 0.3457827891065948 0.37221875023909884 0.41800278385739753 0.14778462972456072 0.23666482649371015 0.06732714753506218 0.033096992932077206 0.05381166239429923 0.1690308509457033 0.09484058111043304 0.14516782416902654 0.2857478086518724 0.29116652656467795
0.07709040348271302 0.13856632693135676 0 0.15635997928863357 0.249943407323666 0.028118603894850606 0.17878589471227763 0.26678432238236993 0.24989926409363464 0.31003537479122223 0.1696746360621276 0.10940299464243093 0.1628815351356346 0.10522897599486018 0.1158418112771784 0.06022795925218567 0.14104723097214492 0.030719610404940124 0.21680101443448715 0.2643258062848421
0.10291030627997888 0.1301954592820455 0.15635997928863357 0 0.13840901993231172 0.12679864546447994 0.12098989303601962 0.24090060873093316 0.266570345689248 0.3108911059934168 0.017684241887227888 0.1473865553522622 0.17283811263572188 0.12838196022355858 0.12359212392325698 0.1289115856920299 0.1815002966001928 0.1277968649108418 0.1880743577595384 0.17154371877554664
0.19504036624965818 0.25091598555808575 0.249943407323666 0.13840901993231172 0 0.2164910477701103 0.07528371991317256 0.1540597178735891 0.22794717049448796 0.22271770159368698 0.12682703576826065 0.24823448582943836 0.25306239703697175 0.2581316619231706 0.2548298969852547 0.22249038281092004 0.26923548261334207 0.2193633988428327 0.0813157112614726 0.03706246583305506
0.08052720693517774 0.12245488074748315 0.028118603894850606 0.12679864546447994 0.2164910477701103 0 0.1471720328021668 0.25396050761337974 0.2443364385686764 0.31849686273545463 0.1395699583517977 0.11892859328437051 0.14671529806812117 0.08917771403534265 0.12219088560087743 0.06981091045381663 0.12493061337239429 0.03409223814527855 0.2055933931486592 0.2510943633251498
0.12250968601533875 0.20897797453485134 0.17878589471227763 0.12098989303601962 0.07528371991317256 0.1471720328021668 0 0.17879089611069476 0.20412414523193154 0.24777925220471803 0.12377051345809181 0.17052788008829212 0.19158046767986492 0.19327116054031093 0.20551764814032644 0.1500035186075702 0.20615528128088303 0.14851575012224005 0.07715167498104596 0.1070610188059876
0.18356513156830853 0.3457827891065948 0.26678432238236993 0.24090060873093316 0.1540597178735891 0.25396050761337974 0.17879089611069476 0 0.08161729595987521 0.06751083655872354 0.22837359912891914 0.1836110532684469 0.3713250732733768 0.31738584749172877 0.3464901198067282 0.2160236567784054 0.3794276652163675 0.23896306609941229 0.10884733498427615 0.16592466145382395
0.20175288189295507 0.37221875023909884 0.24989926409363464 0.266570345689248 0.22794717049448796 0.2443364385686764 0.20412414523193154 0.08161729595987521 0 0.11286819314998939 0.25396825396825395 0.17030943282321445 0.39798344327016827 0.3371071728279792 0.3738365566308983 0.2348880878058814 0.37484156984116956 0.24334454628413157 0.1430865504963503 0.2427536948388794
0.22998945338818597 0.41800278385739753 0.31003537479122223 0.3108911059934168 0.22271770159368698 0.31849686273545463 0.24777925220471803 0.06751083655872354 0.11286819314998939 0 0.29814239699997197 0.2067136514197589 0.44418517476787545 0.3823595564509363 0.3932061941413323 0.2564852321859914 0.4472355171977481 0.2804340829032755 0.1690308509457033 0.22003107783600753
0.11604087324562122 0.14778462972456072 0.1696746360621276 0.017684241887227888 0.12682703576826065 0.1395699583517977 0.12377051345809181 0.22837359912891914 0.25396825396825395 0.29814239699997197 0 0.16174416310228087 0.19057062269052696 0.14648690915882479 0.14190564289995364 0.14223778650467261 0.199679754500296 0.1408357699594282 0.17638342073763938 0.1598669912483131
0.05584897806489173 0.23666482649371015 0.10940299464243093 0.1473865553522622 0.24823448582943836 0.11892859328437051 0.17052788008829212 0.1836110532684469 0.17030943282321445 0.2067136514197589 0.16174416310228087 0 0.26144286459287225 0.20278316298300214 0.20410038410594541 0.07295403765454289 0.24478188657089547 0.08996764625444677 0.17628596202604754 0.2630529421878813
0.2041241452319315 0.06732714753506218 0.1628815351356346 0.17283811263572188 0.25306239703697175 0.14671529806812117 0.19158046767986492 0.3713250732733768 0.39798344327016827 0.44418517476787545 0.19057062269052696 0.26144286459287225 0 0.057165135619690374 0.1181999095432991 0.19346620567317402 0.0398174283231521 0.1695072365327382 0.26553035902267297 0.2926627730614295
0.14611347479503395 0.033096992932077206 0.10522897599486018 0.12838196022355858 0.2581316619231706 0.08917771403534265 0.19327116054031093 0.31738584749172877 0.3371071728279792 0.3823595564509363 0.14648690915882479 0.20278316298300214 0.057165135619690374 0 0.07968939990780395 0.13555692745397502 0.07009502616804171 0.11180339887498948 0.259168550388435 0.2939635604948093
0.16332431416750345 0.05381166239429923 0.1158418112771784 0.12359212392325698 0.2548298969852547 0.12219088560087743 0.20551764814032644 0.3464901198067282 0.3738365566308983 0.3932061941413323 0.14190564289995364 0.20410038410594541 0.1181999095432991 0.07968939990780395 0 0.1359127067939785 0.14813507493587552 0.12258099876645334 0.29094409163660134 0.2909590875629278
0.02926989180530597 0.1690308509457033 0.06022795925218567 0.1289115856920299 0.22249038281092004 0.06981091045381663 0.1500035186075702 0.2160236567784054 0.2348880878058814 0.2564852321859914 0.14223778650467261 0.07295403765454289 0.19346620567317402 0.13555692745397502 0.1359127067939785 0 0.192454871645312 0.035700152764953495 0.1701604252870822 0.23598768119627045
0.20329038712350392 0.09484058111043304 0.14104723097214492 0.1815002966001928 0.26923548261334207 0.12493061337239429 0.20615528128088303 0.3794276652163675 0.37484156984116956 0.4472355171977481 0.199679754500296 0.24478188657089547 0.0398174283231521 0.07009502616804171 0.14813507493587552 0.192454871645312 0 0.1578730205224285 0.2713244308548559 0.3101020364356034
0.05241127912379302 0.14516782416902654 0.030719610404940124 0.1277968649108418 0.2193633988428327 0.03409223814527855 0.14851575012224005 0.23896306609941229 0.24334454628413157 0.2804340829032755 0.1408357699594282 0.08996764625444677 0.1695072365327382 0.11180339887498948 0.12258099876645334 0.035700152764953495 0.1578730205224285 0 0.19148678493657648 0.23262387323050301
0.1405492085917604 0.2857478086518724 0.21680101443448715 0.1880743577595384 0.0813157112614726 0.2055933931486592 0.07715167498104596 0.10884733498427615 0.1430865504963503 0.1690308509457033 0.17638342073763938 0.17628596202604754 0.26553035902267297 0.259168550388435 0.29094409163660134 0.1701604252870822 0.2713244308548559 0.19148678493657648 0 0.08985471926321163
0.20755502866507555 0.29116652656467795 0.2643258062848421 0.17154371877554664 0.03706246583305506 0.2510943633251498 0.1070610188059876 0.16592466145382395 0.2427536948388794 0.22003107783600753 0.1598669912483131 0.2630529421878813 0.2926627730614295 0.2939635604948093 0.2909590875629278 0.23598768119627045 0.3101020364356034 0.23262387323050301 0.08985471926321163 0
