0 0.3687433075496083 0.17444081645271553 0.2504090321551162 0.20389912295016263 0.12155019593951667 0.084824473768606 0.09444362334191626 0.23572557209486722 0.1305293735367745 0.1217675494936206 0.2843226760757435 0.26154370408618555 0.09096664488573274 0.18199987801642822 0.17730942386332563 0.3585037568842776 0.13300763098533944 0.0961977292148261 0.13869047956118172
0.3687433075496083 0 0.559873171473764 0.2512165521966277 0.18130545773419943 0.3189720993484996 0.3579001528315785 0.4379420111798089 0.13909353646850298 0.4863113908388162 0.5016543802039859 0.21802530049518254 0.13309492165462095 0.3019774161692256 0.5256851514055285 0.5638347466927698 0.11491087353546126 0.5016543802039859 0.4216718717109582 0.48835693084365317
0.17444081645271553 0.559873171473764 0 0.36227877767962363 0.3608150190565014 0.2296426873419237 0.18554546566624724 0.11727839934062674 0.4182763316915333 0.07661573362452101 0.052433807329998 0.3921651796359573 0.4117750051015902 0.23988044308019205 0.11538564710836056 0.04466501790726138 0.5208537691472048 0.12217077107889533 0.1284553656790081 0.08892987663212808
0.2504090321551162 0.2512165521966277 0.36227877767962363 0 0.17611480368081237 0.14156489217994214 0.24832407907855836 0.2756449333926925 0.17524728382172258 0.38211261303450467 0.31430956730754206 0.2759091908589326 0.2037982313627682 0.1905574291059509 0.43580067721429505 0.39120895343920764 0.2170930890245544 0.37507108270589745 0.24717222546222647 0.39076917107691767
0.20389912295016263 0.18130545773419943 0.3608150190565014 0.17611480368081237 0 0.16582185068853023 0.17056603128482206 0.28885457951478344 0.1064263482270975 0.2986933757884705 0.3063156229882019 0.1379079711086039 0.06660110651182015 0.11693068532515521 0.35512352116070073 0.36417164599020546 0.14609185246177459 0.3332116289091172 0.26775369420811296 0.3077318645489105
0.12155019593951667 0.3189720993484996 0.2296426873419237 0.14156489217994214 0.16582185068853023 0 0.17629590902487186 0.14909533637081634 0.18723670067207457 0.24674190700425608 0.18861620875672092 0.2893498728770368 0.22318446426842653 0.12422145695825179 0.29695932541841513 0.26063020551908994 0.3197335395855821 0.24184935478213693 0.11108606292599524 0.2547741451121474
0.084824473768606 0.3579001528315785 0.18554546566624724 0.24832407907855836 0.17056603128482206 0.17629590902487186 0 0.17570631091203223 0.2331971001684089 0.13596885842046494 0.161175747222005 0.20482273815217708 0.21911958688596064 0.06696409993434785 0.1879277756910109 0.19921285266745098 0.3213464932292294 0.1896185261435353 0.17242691810867738 0.14420986332114455
0.09444362334191626 0.4379420111798089 0.11727839934062674 0.2756449333926925 0.28885457951478344 0.14909533637081634 0.17570631091203223 0 0.2940366792469765 0.16157621782175358 0.06487274583388726 0.36609665261248914 0.35549606562318997 0.17182439092531993 0.2024578356579881 0.1401060618340782 0.4502151543743387 0.11264267685702241 0.04164078464476649 0.17504267433450357
0.23572557209486722 0.13909353646850298 0.4182763316915333 0.17524728382172258 0.1064263482270975 0.18723670067207457 0.2331971001684089 0.2940366792469765 0 0.3697704294899147 0.36283064043323215 0.2534453314277429 0.1584856963171078 0.17093007399003707 0.4273795785160379 0.4218015590284827 0.1961886777047115 0.36283064043323215 0.28689991150255917 0.38620231835768015
0.1305293735367745 0.4863113908388162 0.07661573362452101 0.38211261303450467 0.2986933757884705 0.24674190700425608 0.13596885842046494 0.16157621782175358 0.3697704294899147 0 0.10225810032877292 0.32419707577595386 0.3418616561940942 0.19684263649578349 0.0505559223171009 0.07870487925700279 0.4482571242951136 0.08933537336414778 0.1779194457934082 0.01361333677278532
0.1217675494936206 0.5016543802039859 0.052433807329998 0.31430956730754206 0.3063156229882019 0.18861620875672092 0.161175747222005 0.06487274583388726 0.36283064043323215 0.10225810032877292 0 0.3724926147243518 0.36354304357095185 0.18665521883096792 0.14242816549521442 0.07389498678090056 0.4634114158101577 0.0946843853820598 0.08707730158092036 0.1151533266088062
0.2843226760757435 0.21802530049518254 0.3921651796359573 0.2759091908589326 0.1379079711086039 0.2893498728770368 0.20482273815217708 0.36609665261248914 0.2534453314277429 0.32419707577595386 0.3724926147243518 0 0.09963022625411444 0.2014395252918687 0.3472828081098264 0.40845200154100264 0.1362012508969822 0.4065620611930425 0.34503848358798545 0.32636791202878435
0.26154370408618555 0.13309492165462095 0.4117750051015902 0.2037982313627682 0.06660110651182015 0.22318446426842653 0.21911958688596064 0.35549606562318997 0.1584856963171078 0.3418616561940942 0.36354304357095185 0.09963022625411444 0 0.17356235452328736 0.39310910364928187 0.4152785450962349 0.09805246978138654 0.3988004508138243 0.3336002011767939 0.35119461054005213
0.09096664488573274 0.3019774161692256 0.23988044308019205 0.1905574291059509 0.11693068532515521 0.12422145695825179 0.06696409993434785 0.17182439092531993 0.17093007399003707 0.19684263649578349 0.18665521883096792 0.2014395252918687 0.17356235452328736 0 0.2497116232688201 0.24291618083479083 0.26592121007159203 0.22265301103408314 0.15261641679397434 0.21131910766896347
0.18199987801642822 0.5256851514055285 0.11538564710836056 0.43580067721429505 0.35512352116070073 0.29695932541841513 0.1879277756910109 0.2024578356579881 0.4273795785160379 0.0505559223171009 0.14242816549521442 0.3472828081098264 0.39310910364928187 0.2497116232688201 0 0.08457415850556799 0.4871230371180112 0.1126428076920327 0.2184172102712852 0.042644374528897244
0.17730942386332563 0.5638347466927698 0.04466501790726138 0.39120895343920764 0.36417164599020546 0.26063020551908994 0.19921285266745098 0.1401060618340782 0.4218015590284827 0.07870487925700279 0.07389498678090056 0.40845200154100264 0.4152785450962349 0.24291618083479083 0.08457415850556799 0 0.5246945209786269 0.07494314262176441 0.16147069867025501 0.07565870697098238
0.3585037568842776 0.11491087353546126 0.5208537691472048 0.2170930890245544 0.14609185246177459 0.3197335395855821 0.3213464932292294 0.4502151543743387 0.1961886777047115 0.4482571242951136 0.4634114158101577 0.1362012508969822 0.09805246978138654 0.26592121007159203 0.4871230371180112 0.5246945209786269 0 0.49459424005158886 0.42626154166970814 0.4503469122008397
0.13300763098533944 0.5016543802039859 0.12217077107889533 0.37507108270589745 0.3332116289091172 0.24184935478213693 0.1896185261435353 0.11264267685702241 0.36283064043323215 0.08933537336414778 0.0946843853820598 0.4065620611930425 0.3988004508138243 0.22265301103408314 0.1126428076920327 0.07494314262176441 0.49459424005158886 0 0.13505867183979484 0.0978244279443742
0.0961977292148261 0.4216718717109582 0.1284553656790081 0.24717222546222647 0.26775369420811296 0.11108606292599524 0.17242691810867738 0.04164078464476649 0.28689991150255917 0.1779194457934082 0.08707730158092036 0.34503848358798545 0.3336002011767939 0.15261641679397434 0.2184172102712852 0.16147069867025501 0.42626154166970814 0.13505867183979484 0 0.1913659299035487
0.13869047956118172 0.48835693084365317 0.08892987663212808 0.39076917107691767 0.3077318645489105 0.2547741451121474 0.14420986332114455 0.17504267433450357 0.38620231835768015 0.01361333677278532 0.1151533266088062 0.32636791202878435 0.35119461054005213 0.21131910766896347 0.042644374528897244 0.07565870697098238 0.4503469122008397 0.0978244279443742 0.1913659299035487 0
