0 0.2629608065122812 0.12156018242662299 0.0828338610538896 0.0558310718673624 0.19684619945396986 0.18704359931222456 0.07018043283885113 0.11024199267865564 0.2613124316290962 0.2367847244102546 0.17206284486969342 0.14716421076610853 0.13194444444444445 0.22850643289285694 0.22384933158046086 0.25240948134551616 0.18834059869778055 0.2407439166400877 0.48605997112768506
0.2629608065122812 0 0.2666773277018026 0.3374940148252728 0.277521514415007 0.42835079190642 0.41853625486028323 0.3184598268363587 0.23084792531688558 0.06180006365853674 0.0817114757799895 0.3961122748241769 0.38549649257284485 0.3541559683667087 0.0960332748627746 0.45204397869952523 0.08001688189444402 0.41477248628472074 0.07776789364935047 0.23411181407226692
0.12156018242662299 0.2666773277018026 0 0.14939351498114742 0.09460582495184468 0.19824456919408748 0.1636147879276881 0.17380280189133324 0.13365903486700667 0.2354009816528494 0.19115542686757947 0.17484209787170893 0.16209046706812175 0.09779143167281402 0.255737226173461 0.17964146983444781 0.24881404814137476 0.1442976864432552 0.2604398399251055 0.5122947271306698
0.0828338610538896 0.3374940148252728 0.14939351498114742 0 0.09515742193086273 0.14357840696845142 0.12868172481769097 0.04325485371389696 0.14210992407250364 0.3314350708175676 0.30609589762760225 0.11369481168543777 0.0883182728191873 0.14007677316430112 0.29546255784845826 0.16514864804319568 0.3256966637437609 0.12957403077541707 0.2932600274885467 0.5237362486146115
0.0558310718673624 0.277521514415007 0.09460582495184468 0.09515742193086273 0 0.1958747988153506 0.17026803184842057 0.097069405961049 0.1462639576605724 0.25249812320733955 0.220941174747067 0.1712137456345916 0.15755985385507532 0.1130755885921264 0.23513034450766795 0.20740256759494885 0.23562797542306776 0.17144870594525824 0.25529313681125293 0.4836613524717476
0.19684619945396986 0.42835079190642 0.19824456919408748 0.14357840696845142 0.1958747988153506 0 0.0769296403220998 0.1870304815802913 0.2233368633853926 0.38514519038974804 0.37287375011364593 0.03883696489520695 0.06059179379434482 0.10042909321254478 0.41449599611193083 0.048230298335748135 0.4217745371864758 0.08525811409042144 0.421476741443611 0.6884362991491149
0.18704359931222456 0.41853625486028323 0.1636147879276881 0.12868172481769097 0.17026803184842057 0.0769296403220998 0 0.17199835846854447 0.24064005638901037 0.3881152588818164 0.34510403867409867 0.0498071218278486 0.07583286045415863 0.09545582916179425 0.3983735652332215 0.06262242910851495 0.3927312152237202 0.05626985284865602 0.4051202814661875 0.6699560048591775
0.07018043283885113 0.3184598268363587 0.17380280189133324 0.04325485371389696 0.097069405961049 0.1870304815802913 0.17199835846854447 0 0.13741420515794237 0.3138413615815172 0.2882202787931453 0.15698919901391034 0.13192011365287326 0.16281860418613459 0.26770565092449333 0.2087806071271422 0.30684171349033595 0.1731910310115806 0.2726171066457795 0.49448609021437856
0.11024199267865564 0.23084792531688558 0.13365903486700667 0.14210992407250364 0.1462639576605724 0.2233368633853926 0.24064005638901037 0.13741420515794237 0 0.20799255376509743 0.19949194249614066 0.20983724528257022 0.17449858411765112 0.15243337259270903 0.2125045085658915 0.2450577157253728 0.24463339929281716 0.22060941780541196 0.2005605702377616 0.44828628311379526
0.2613124316290962 0.06180006365853674 0.2354009816528494 0.3314350708175676 0.25249812320733955 0.38514519038974804 0.3881152588818164 0.3138413615815172 0.20799255376509743 0 0.07560539356800297 0.36030579883117697 0.34967384530887036 0.30621821212698663 0.15155091275582858 0.4019657385307384 0.08517126642115125 0.3655025111501041 0.13512958664287278 0.2744472048804442
0.2367847244102546 0.0817114757799895 0.19115542686757947 0.30609589762760225 0.220941174747067 0.37287375011364593 0.34510403867409867 0.2882202787931453 0.19949194249614066 0.07560539356800297 0 0.3547979167462761 0.3445541059124006 0.2825758495076625 0.14977669962216045 0.3774703557312253 0.06504059800368589 0.34132847525812715 0.13379416813882763 0.31859259878290713
0.17206284486969342 0.3961122748241769 0.17484209787170893 0.11369481168543777 0.1712137456345916 0.03883696489520695 0.0498071218278486 0.15698919901391034 0.20983724528257022 0.36030579883117697 0.3547979167462761 0 0.03564270282603157 0.09059445180905268 0.38285440489170774 0.07808949363793635 0.39684400072826986 0.07221959253194493 0.3893784568307557 0.6527442841717895
0.14716421076610853 0.38549649257284485 0.16209046706812175 0.0883182728191873 0.15755985385507532 0.06059179379434482 0.07583286045415863 0.13192011365287326 0.17449858411765112 0.34967384530887036 0.3445541059124006 0.03564270282603157 0 0.08334475696458465 0.3655090622863541 0.08237780078986709 0.3867580536757241 0.07635870134780941 0.3648840528118655 0.6277793866450919
0.13194444444444445 0.3541559683667087 0.09779143167281402 0.14007677316430112 0.1130755885921264 0.10042909321254478 0.09545582916179425 0.16281860418613459 0.15243337259270903 0.30621821212698663 0.2825758495076625 0.09059445180905268 0.08334475696458465 0 0.3416055764458871 0.09390504839543144 0.3353894597489104 0.06759928954312208 0.347545962383906 0.6088023880791207
0.22850643289285694 0.0960332748627746 0.255737226173461 0.29546255784845826 0.23513034450766795 0.41449599611193083 0.3983735652332215 0.26770565092449333 0.2125045085658915 0.15155091275582858 0.14977669962216045 0.38285440489170774 0.3655090622863541 0.3416055764458871 0 0.4377413158452111 0.0898522092627904 0.4011359707431088 0.07281331945462886 0.2625239622303819
0.22384933158046086 0.45204397869952523 0.17964146983444781 0.16514864804319568 0.20740256759494885 0.048230298335748135 0.06262242910851495 0.2087806071271422 0.2450577157253728 0.4019657385307384 0.3774703557312253 0.07808949363793635 0.08237780078986709 0.09390504839543144 0.4377413158452111 0 0.43239110840678824 0.04442628748795995 0.44505911302378615 0.7149990262382456
0.25240948134551616 0.08001688189444402 0.24881404814137476 0.3256966637437609 0.23562797542306776 0.4217745371864758 0.3927312152237202 0.30684171349033595 0.24463339929281716 0.08517126642115125 0.06504059800368589 0.39684400072826986 0.3867580536757241 0.3353894597489104 0.0898522092627904 0.43239110840678824 0 0.39545449550012013 0.10408588122601886 0.24958830916622712
0.18834059869778055 0.41477248628472074 0.1442976864432552 0.12957403077541707 0.17144870594525824 0.08525811409042144 0.05626985284865602 0.1731910310115806 0.22060941780541196 0.3655025111501041 0.34132847525812715 0.07221959253194493 0.07635870134780941 0.06759928954312208 0.4011359707431088 0.04442628748795995 0.39545449550012013 0 0.40792947011562547 0.6746016197310417
0.2407439166400877 0.07776789364935047 0.2604398399251055 0.2932600274885467 0.25529313681125293 0.421476741443611 0.4051202814661875 0.2726171066457795 0.2005605702377616 0.13512958664287278 0.13379416813882763 0.3893784568307557 0.3648840528118655 0.347545962383906 0.07281331945462886 0.44505911302378615 0.10408588122601886 0.40792947011562547 0 0.23915674983904464
0.48605997112768506 0.23411181407226692 0.5122947271306698 0.5237362486146115 0.4836613524717476 0.6884362991491149 0.6699560048591775 0.49448609021437856 0.44828628311379526 0.2744472048804442 0.31859259878290713 0.6527442841717895 0.6277793866450919 0.6088023880791207 0.2625239622303819 0.7149990262382456 0.24958830916622712 0.6746016197310417 0.23915674983904464 0
