0 0.08139382036355737 0.11583643250741624 0.2465575446935723 0.24015118273147734 0.268155997036561 0.19096338904664434 0.16563698349810535 0.17078567549297238 0.2130071614211525 0.12766960056002183 0.3219071171302292 0.18786424304226962 0.0762273123638194 0.11470786693528087 0.23133556427714488 0.31677556787544725 0.21828966063432695 0.1712078904153948 0.19598576476205448
0.08139382036355737 0 0.11942601720147702 0.2486719236125866 0.25309515002513555 0.30776372603171337 0.23063207222471044 0.15857196378382651 0.19368585371163025 0.25254909728539365 0.11909007837228267 0.36160332179877674 0.19368585371163025 0.11431196239264228 0.15521950394713419 0.27102759233867124 0.3517143895117946 0.20197163363339118 0.1823971257628071 0.19017322195217845
0.11583643250741624 0.11942601720147702 0 0.13907646935348783 0.14341856565892938 0.19223420319087772 0.11629072176316549 0.054819420742029425 0.07913281348990076 0.1381743421943228 0.01690147550687973 0.24933254144935077 0.08440833438922747 0.19265236197498115 0.23252862651057107 0.155910321326281 0.23935877408919914 0.10892385771565849 0.06875131897517865 0.08546745152856124
0.2465575446935723 0.2486719236125866 0.13907646935348783 0 0.047826539005340556 0.09068560986287771 0.057786910258071554 0.11084884446758708 0.09739878394512354 0.06507729989483406 0.12877916524693606 0.13700230473366726 0.08348467195296304 0.3218079960464728 0.3562928515559483 0.06853521238520308 0.13102564738165892 0.05016089728615605 0.07904155861469252 0.08922843269882014
0.24015118273147734 0.25309515002513555 0.14341856565892938 0.047826539005340556 0 0.0861879881194217 0.057536206645215644 0.11996514798916502 0.09697622757528539 0.0604753030414229 0.13808358065624793 0.12471582340131578 0.07850456517999294 0.31479059863809655 0.354747105214417 0.05544327601674941 0.11464420932494752 0.06356417261637282 0.07406931153997239 0.10286889997472794
0.268155997036561 0.30776372603171337 0.19223420319087772 0.09068560986287771 0.0861879881194217 0 0.07552831685887222 0.16832795132405487 0.1357210194758398 0.05323935657910853 0.1870180087142385 0.05911953248089075 0.13134292207339338 0.3197601987115554 0.3583783867553751 0.04447722109004949 0.048723323670001636 0.11622178870152863 0.12288978515315203 0.15072307999095713
0.19096338904664434 0.23063207222471044 0.11629072176316549 0.057786910258071554 0.057536206645215644 0.07552831685887222 0 0.0981194113771371 0.06137608696389588 0.039746819277647456 0.11092170659363668 0.1314908016255203 0.06137608696389588 0.2586164187098155 0.2972821838465588 0.04360290098006477 0.12529267238367317 0.06034448261964845 0.04732909262626708 0.09560954770196252
0.16563698349810535 0.15857196378382651 0.054819420742029425 0.11084884446758708 0.11996514798916502 0.16832795132405487 0.0981194113771371 0 0.07678286545050038 0.12928282906074048 0.043732173377113555 0.22464770644710522 0.0614262923604003 0.23677965771013124 0.2771944599320507 0.13237032287477607 0.21472235952827257 0.06542666451520053 0.05131512494001175 0.057013954577352935
0.17078567549297238 0.19368585371163025 0.07913281348990076 0.09739878394512354 0.09697622757528539 0.1357210194758398 0.06137608696389588 0.07678286545050038 0 0.08294314404178688 0.07364953608171816 0.18708633393251642 0.054187192118226604 0.2398566086092658 0.2791640626793241 0.0955394632947723 0.181334547159755 0.06780635036208103 0.03456800660892942 0.0698308649805794
0.2130071614211525 0.25254909728539365 0.1381743421943228 0.06507729989483406 0.0604753030414229 0.05323935657910853 0.039746819277647456 0.12928282906074048 0.08294314404178688 0 0.13286474873644885 0.10889090540580879 0.09215904893531876 0.2692383754108217 0.30755790385574217 0.029789661547108555 0.09861798660721001 0.09061004703659373 0.07852885120228464 0.1259758149650672
0.12766960056002183 0.11909007837228267 0.01690147550687973 0.12877916524693606 0.13808358065624793 0.1870180087142385 0.11092170659363668 0.043732173377113555 0.07364953608171816 0.13286474873644885 0 0.24419134015186655 0.07364953608171816 0.2049178042223974 0.238499523001431 0.15061326183551266 0.2341819715470678 0.09310068075811476 0.06328423872900442 0.07457365674506919
0.3219071171302292 0.36160332179877674 0.24933254144935077 0.13700230473366726 0.12471582340131578 0.05911953248089075 0.1314908016255203 0.22464770644710522 0.18708633393251642 0.10889090540580879 0.24419134015186655 0 0.18292885984512716 0.37449757181752347 0.4136182344380493 0.09983031453340127 0.02847263576482319 0.16350382386265755 0.1792133428864677 0.20206272811308865
0.18786424304226962 0.19368585371163025 0.08440833438922747 0.08348467195296304 0.07850456517999294 0.13134292207339338 0.06137608696389588 0.0614262923604003 0.054187192118226604 0.09215904893531876 0.07364953608171816 0.18292885984512716 0 0.2638422694701924 0.29157135435396075 0.0955394632947723 0.16868329968349302 0.0532764181416351 0.019753146633673956 0.06484294605339516
0.0762273123638194 0.11431196239264228 0.19265236197498115 0.3218079960464728 0.31479059863809655 0.3197601987115554 0.2586164187098155 0.23677965771013124 0.2398566086092658 0.2692383754108217 0.2049178042223974 0.37449757181752347 0.2638422694701924 0 0.045309156999763275 0.2879748637882012 0.3747336489424728 0.2888857695258627 0.24646081961932478 0.2732244969736723
0.11470786693528087 0.15521950394713419 0.23252862651057107 0.3562928515559483 0.354747105214417 0.3583783867553751 0.2972821838465588 0.2771944599320507 0.2791640626793241 0.30755790385574217 0.238499523001431 0.4136182344380493 0.29157135435396075 0.045309156999763275 0 0.320844473959874 0.4089270653372591 0.32326689916420165 0.27985420974655945 0.3077928309231337
0.23133556427714488 0.27102759233867124 0.155910321326281 0.06853521238520308 0.05544327601674941 0.04447722109004949 0.04360290098006477 0.13237032287477607 0.0955394632947723 0.029789661547108555 0.15061326183551266 0.09983031453340127 0.0955394632947723 0.2879748637882012 0.320844473959874 0 0.0895776104139524 0.09393364366277243 0.08665416419150379 0.11977116511160278
0.31677556787544725 0.3517143895117946 0.23935877408919914 0.13102564738165892 0.11464420932494752 0.048723323670001636 0.12529267238367317 0.21472235952827257 0.181334547159755 0.09861798660721001 0.2341819715470678 0.02847263576482319 0.16868329968349302 0.3747336489424728 0.4089270653372591 0.0895776104139524 0 0.1534094779953314 0.16910031712997525 0.19214984307128724
0.21828966063432695 0.20197163363339118 0.10892385771565849 0.05016089728615605 0.06356417261637282 0.11622178870152863 0.06034448261964845 0.06542666451520053 0.06780635036208103 0.09061004703659373 0.09310068075811476 0.16350382386265755 0.0532764181416351 0.2888857695258627 0.32326689916420165 0.09393364366277243 0.1534094779953314 0 0.04369755899305943 0.049040823861374976
0.1712078904153948 0.1823971257628071 0.06875131897517865 0.07904155861469252 0.07406931153997239 0.12288978515315203 0.04732909262626708 0.05131512494001175 0.03456800660892942 0.07852885120228464 0.06328423872900442 0.1792133428864677 0.019753146633673956 0.24646081961932478 0.27985420974655945 0.08665416419150379 0.16910031712997525 0.04369755899305943 0 0.050002500187515626
0.19598576476205448 0.19017322195217845 0.08546745152856124 0.08922843269882014 0.10286889997472794 0.15072307999095713 0.09560954770196252 0.057013954577352935 0.0698308649805794 0.1259758149650672 0.07457365674506919 0.20206272811308865 0.06484294605339516 0.2732244969736723 0.3077928309231337 0.11977116511160278 0.19214984307128724 0.049040823861374976 0.050002500187515626 0
