0 0.2153195055887038 0.2041848512987701 0.2392990825335078 0.08889052142034332 0.17282001331125788 0.15939417826583457 0.14026687687393444 0.1716322328216839 0.1648252131241747 0.1560199718346741 0.3270932603012359 0.12477275659690647 0.2959840931247945 0.29009740444381893 0.21718261988425236 0.2632007367223982 0.12146848146891583 0.3171940756629772 0.19757857964581108
0.2153195055887038 0 0.12431477451341526 0.14530809605321618 0.23440118085320302 0.1926832527429713 0.32163376045133846 0.28232296750728597 0.14116644112586288 0.15397813961232285 0.21526503479851541 0.17991351543101755 0.26226341398019254 0.18796491748369898 0.15813659888857473 0.15121640010712833 0.172115729819824 0.29543947393437575 0.17180842723512604 0.11779306114757183
0.2041848512987701 0.12431477451341526 0 0.1208894660028573 0.21344856509297222 0.16593462200664394 0.2839667813353197 0.26503566257963174 0.13571284123340416 0.10785013198867699 0.20787270631778518 0.1800227378717117 0.24492778766976905 0.16088781789327755 0.1435609838973005 0.13224773396265602 0.14070279277554115 0.2479591495335439 0.17961031410457876 0.12444223215775957
0.2392990825335078 0.14530809605321618 0.1208894660028573 0 0.23124612135077313 0.1904458600334088 0.3462828662019277 0.28149445897705094 0.17693455515422526 0.14674079121948302 0.2616671591101864 0.14246438835381103 0.2686391167032954 0.12872241130763748 0.1277150786099583 0.09710839636921041 0.09564190694860528 0.29084598134257245 0.13216341190369318 0.16741550200193234
0.08889052142034332 0.23440118085320302 0.21344856509297222 0.23124612135077313 0 0.14937023831607363 0.18106407157842228 0.11407036509440602 0.189138123882852 0.17111058265813833 0.17893528193178557 0.3220783726710859 0.13642071933331695 0.3004551352116509 0.29151315524125987 0.21587032617895743 0.23900208047502866 0.13367036831609067 0.3183089918064516 0.21780853030653052
0.17282001331125788 0.1926832527429713 0.16593462200664394 0.1904458600334088 0.14937023831607363 0 0.26095607400932114 0.21213203435596426 0.1275892411595317 0.1591037074750509 0.18116862067245657 0.2514485492593838 0.21141340183995283 0.22407971989273967 0.22097086912079608 0.18817748237374535 0.19219999204171925 0.18443133599113046 0.24805370021363737 0.17596421192978573
0.15939417826583457 0.32163376045133846 0.2839667813353197 0.3462828662019277 0.18106407157842228 0.26095607400932114 0 0.19047619047619047 0.22154217147839 0.2749321021759682 0.17479126000277273 0.4315169713368457 0.13978458708288047 0.40214705006447576 0.38571428571428573 0.3193477772474097 0.3676740452514299 0.1603832569679462 0.43394527786312403 0.27366899676923395
0.14026687687393444 0.28232296750728597 0.26503566257963174 0.28149445897705094 0.11407036509440602 0.21213203435596426 0.19047619047619047 0 0.2457864091118742 0.22213419598695144 0.22170105114881603 0.3867670631982099 0.17395415281425125 0.35558265479385226 0.35333333333333333 0.2732197649783394 0.31598125869132787 0.12701057925542406 0.37950279943305226 0.274205602645252
0.1716322328216839 0.14116644112586288 0.13571284123340416 0.17693455515422526 0.189138123882852 0.1275892411595317 0.22154217147839 0.2457864091118742 0 0.15128636002255993 0.1358605724092474 0.23007943286160365 0.18323814244419873 0.23121001022287857 0.19896995023342198 0.17131047176636796 0.20579143723145255 0.21900013784343592 0.23235175019825807 0.10880960588422797
0.1648252131241747 0.15397813961232285 0.10785013198867699 0.14674079121948302 0.17111058265813833 0.1591037074750509 0.2749321021759682 0.22213419598695144 0.15128636002255993 0 0.20546444677053818 0.20933779703104105 0.20986150431560813 0.19576536034260514 0.18670762162696347 0.14065305344816278 0.15810371720116198 0.22671476441309404 0.2088582138190782 0.14889538619857287
0.1560199718346741 0.21526503479851541 0.20787270631778518 0.2616671591101864 0.17893528193178557 0.18116862067245657 0.17479126000277273 0.22170105114881603 0.1358605724092474 0.20546444677053818 0 0.31889255377977405 0.13507132197635047 0.29438441792916453 0.2823551123121713 0.2404519400302257 0.27820954729071 0.19211831984195998 0.3181619856865689 0.15908908300998653
0.3270932603012359 0.17991351543101755 0.1800227378717117 0.14246438835381103 0.3220783726710859 0.2514485492593838 0.4315169713368457 0.3867670631982099 0.23007943286160365 0.20933779703104105 0.31889255377977405 0 0.3565548035758946 0.09708391914381001 0.09349534378964991 0.1658751679011506 0.11240427749974127 0.38821781179027615 0.08256902451691014 0.21341610326458507
0.12477275659690647 0.26226341398019254 0.24492778766976905 0.2686391167032954 0.13642071933331695 0.21141340183995283 0.13978458708288047 0.17395415281425125 0.18323814244419873 0.20986150431560813 0.13507132197635047 0.3565548035758946 0 0.32860510968494305 0.31964075579618667 0.23956744819055803 0.2859131664817403 0.155348562043298 0.35573795301013483 0.19112352009225672
0.2959840931247945 0.18796491748369898 0.16088781789327755 0.12872241130763748 0.3004551352116509 0.22407971989273967 0.40214705006447576 0.35558265479385226 0.23121001022287857 0.19576536034260514 0.29438441792916453 0.09708391914381001 0.32860510968494305 0 0.1037116076482069 0.15771462560576346 0.098161754892295 0.35955470301820736 0.10158645580771103 0.21426119358995177
0.29009740444381893 0.15813659888857473 0.1435609838973005 0.1277150786099583 0.29151315524125987 0.22097086912079608 0.38571428571428573 0.35333333333333333 0.19896995023342198 0.18670762162696347 0.2823551123121713 0.09349534378964991 0.31964075579618667 0.1037116076482069 0 0.1463677312383961 0.10447767424471324 0.3402069087198858 0.09328115028081328 0.1943854785875588
0.21718261988425236 0.15121640010712833 0.13224773396265602 0.09710839636921041 0.21587032617895743 0.18817748237374535 0.3193477772474097 0.2732197649783394 0.17131047176636796 0.14065305344816278 0.2404519400302257 0.1658751679011506 0.23956744819055803 0.15771462560576346 0.1463677312383961 0 0.1166408667322934 0.28609670960695754 0.1654951555625517 0.15294227518462095
0.2632007367223982 0.172115729819824 0.14070279277554115 0.09564190694860528 0.23900208047502866 0.19219999204171925 0.3676740452514299 0.31598125869132787 0.20579143723145255 0.15810371720116198 0.27820954729071 0.11240427749974127 0.2859131664817403 0.098161754892295 0.10447767424471324 0.1166408667322934 0 0.3120938919661796 0.11214676449823732 0.19526448982178976
0.12146848146891583 0.29543947393437575 0.2479591495335439 0.29084598134257245 0.13367036831609067 0.18443133599113046 0.1603832569679462 0.12701057925542406 0.21900013784343592 0.22671476441309404 0.19211831984195998 0.38821781179027615 0.155348562043298 0.35955470301820736 0.3402069087198858 0.28609670960695754 0.3120938919661796 0 0.37430897995590956 0.26452513108123576
0.3171940756629772 0.17180842723512604 0.17961031410457876 0.13216341190369318 0.3183089918064516 0.24805370021363737 0.43394527786312403 0.37950279943305226 0.23235175019825807 0.2088582138190782 0.3181619856865689 0.08256902451691014 0.35573795301013483 0.10158645580771103 0.09328115028081328 0.1654951555625517 0.11214676449823732 0.37430897995590956 0 0.210231896122132
0.19757857964581108 0.11779306114757183 0.12444223215775957 0.16741550200193234 0.21780853030653052 0.17596421192978573 0.27366899676923395 0.274205602645252 0.10880960588422797 0.14889538619857287 0.15908908300998653 0.21341610326458507 0.19112352009225672 0.21426119358995177 0.1943854785875588 0.15294227518462095 0.19526448982178976 0.26452513108123576 0.210231896122132 0
