0 0.9202279753556827 1.0470028157626396 0.8412931360428803 1.365969814178342 0.36144683247890014 1.2054215631477687 0.7354355067681901 0.49487466332489927 1.0877920233032181 0.8962283849494489 0.8357421326466088 0.3671515979237843 0.9088392534103024 1.2795845887958677 0.42157575835644573 1.015123312024147 0.9250584944168497 1.082950586420543 1.2653634610832922
0.9202279753556827 0 0.19567983618809143 0.11327587516878289 0.3482588466217706 0.5754524176244573 0.3436246744852969 0.19733805434408158 0.3994460033059657 0.22972448589609185 0.11673947138515438 0.18071682129971953 0.5047481649884143 0.1657349645676018 0.28311198274717425 0.5721044185854575 0.193029567695211 0.06452182110743973 0.2473073491924693 0.3147183169877773
1.0470028157626396 0.19567983618809143 0 0.19847442471118965 0.23600169171726007 0.6872846924289854 0.19189516982874052 0.24302981723132672 0.47569599145533725 0.08593850691044558 0.1308065793637667 0.18657235951651874 0.6022191359197147 0.17208280788732938 0.1860675792692169 0.6851442482070563 0.07794221022519697 0.1724086680705829 0.09673811416652622 0.17320508075688773
0.8412931360428803 0.11327587516878289 0.19847442471118965 0 0.3753229166222013 0.5100742722214469 0.3481768448496549 0.11531640100361064 0.3179560772394732 0.23808164858593375 0.10641982943591248 0.12096414962536435 0.43496900579989217 0.12451992400357659 0.3231344878375382 0.5060309643869639 0.19927769476896026 0.11976548923685985 0.24206504005809387 0.3342186823915959
1.365969814178342 0.3482588466217706 0.23600169171726007 0.3753229166222013 0 0.9357712506035614 0.1567647163106089 0.45566118843288356 0.7011001883202289 0.19557288978287724 0.3292433361959927 0.3901858779197178 0.8530493083963029 0.3602347755688354 0.0938848167190061 0.940898802688539 0.24673383067032395 0.3267618597996747 0.20139435437160738 0.08759291158425032
0.36144683247890014 0.5754524176244573 0.6872846924289854 0.5100742722214469 0.9357712506035614 0 0.858550051011006 0.4275816728492017 0.3085304536722668 0.715585745818147 0.5495010341313915 0.5178451656244758 0.11245586276506048 0.5705005414589577 0.865803363065002 0.13114949909639226 0.6550121206756256 0.5742393707415261 0.7160098081349343 0.8597420047315316
1.2054215631477687 0.3436246744852969 0.19189516982874052 0.3481768448496549 0.1567647163106089 0.858550051011006 0 0.40257568662617005 0.5972983573521362 0.1495282762669115 0.28705833969138767 0.316449888938321 0.7726086142163314 0.30726963614771674 0.13577639661094099 0.8952268578480665 0.19044721508216875 0.314202951698796 0.13513783434043922 0.11409791386597087
0.7354355067681901 0.19733805434408158 0.24302981723132672 0.11531640100361064 0.45566118843288356 0.4275816728492017 0.40257568662617005 0 0.2400284074096988 0.28118549375654106 0.1419770415065782 0.11707322644771176 0.3466876226407682 0.16197165743970512 0.39834563545119817 0.4373370968300497 0.22823896086298226 0.19473404508356196 0.2858900642456044 0.39333736882514186
0.49487466332489927 0.3994460033059657 0.47569599145533725 0.3179560772394732 0.7011001883202289 0.3085304536722668 0.5972983573521362 0.2400284074096988 0 0.5025785502513376 0.36044591805501097 0.30550722154084964 0.20483662259967567 0.3599796201922381 0.6382738523372807 0.34671763758586066 0.44649828309029055 0.4048284223303756 0.4917047527322198 0.632811929368385
1.0877920233032181 0.22972448589609185 0.08593850691044558 0.23808164858593375 0.19557288978287724 0.715585745818147 0.1495282762669115 0.28118549375654106 0.5025785502513376 0 0.16406253911556212 0.21645562510271454 0.6409875968319504 0.194099581919173 0.1481460745074649 0.7309275357003412 0.08791436288320209 0.20002333741746078 0.07844216966596838 0.13821772741725075
0.8962283849494489 0.11673947138515438 0.1308065793637667 0.10641982943591248 0.3292433361959927 0.5495010341313915 0.28705833969138767 0.1419770415065782 0.36044591805501097 0.16406253911556212 0 0.10804111714939268 0.47991140914748137 0.09581773638002616 0.2803419182809564 0.5590895453035531 0.1265808297650856 0.11135904783966802 0.18070812730490218 0.2755503747028393
0.8357421326466088 0.18071682129971953 0.18657235951651874 0.12096414962536435 0.3901858779197178 0.5178451656244758 0.316449888938321 0.11707322644771176 0.30550722154084964 0.21645562510271454 0.10804111714939268 0 0.4351016292778848 0.10534746960860995 0.33448988368952537 0.5553948742635308 0.16032402929581407 0.17833214046479243 0.20173742166374883 0.32638433403032335
0.3671515979237843 0.5047481649884143 0.6022191359197147 0.43496900579989217 0.8530493083963029 0.11245586276506048 0.7726086142163314 0.3466876226407682 0.20483662259967567 0.6409875968319504 0.47991140914748137 0.4351016292778848 0 0.4866642633922876 0.7809878007034458 0.16446845656149195 0.5821532244118162 0.49808767114586155 0.6245574176241855 0.7751284898803397
0.9088392534103024 0.1657349645676018 0.17208280788732938 0.12451992400357659 0.3602347755688354 0.5705005414589577 0.30726963614771674 0.16197165743970512 0.3599796201922381 0.194099581919173 0.09581773638002616 0.10534746960860995 0.4866642633922876 0 0.31209726932941645 0.5869667486009428 0.15403434493038845 0.16354797947767374 0.2114433221525312 0.30426566983600983
1.2795845887958677 0.28311198274717425 0.1860675792692169 0.3231344878375382 0.0938848167190061 0.865803363065002 0.13577639661094099 0.39834563545119817 0.6382738523372807 0.1481460745074649 0.2803419182809564 0.33448988368952537 0.7809878007034458 0.31209726932941645 0 0.870547526594926 0.19874315168958417 0.26154360958183337 0.1721425554064796 0.08293932009372915
0.42157575835644573 0.5721044185854575 0.6851442482070563 0.5060309643869639 0.940898802688539 0.13114949909639226 0.8952268578480665 0.4373370968300497 0.34671763758586066 0.7309275357003412 0.5590895453035531 0.5553948742635308 0.16446845656149195 0.5869667486009428 0.870547526594926 0 0.6827701084496134 0.5709705123798654 0.7489627425843995 0.8644529550904583
1.015123312024147 0.193029567695211 0.07794221022519697 0.19927769476896026 0.24673383067032395 0.6550121206756256 0.19044721508216875 0.22823896086298226 0.44649828309029055 0.08791436288320209 0.1265808297650856 0.16032402929581407 0.5821532244118162 0.15403434493038845 0.19874315168958417 0.6827701084496134 0 0.16579024733669162 0.0830006130526501 0.19124981323269544
0.9250584944168497 0.06452182110743973 0.1724086680705829 0.11976548923685985 0.3267618597996747 0.5742393707415261 0.314202951698796 0.19473404508356196 0.4048284223303756 0.20002333741746078 0.11135904783966802 0.17833214046479243 0.49808767114586155 0.16354797947767374 0.26154360958183337 0.5709705123798654 0.16579024733669162 0 0.21353846609217625 0.28667574985298644
1.082950586420543 0.2473073491924693 0.09673811416652622 0.24206504005809387 0.20139435437160738 0.7160098081349343 0.13513783434043922 0.2858900642456044 0.4917047527322198 0.07844216966596838 0.18070812730490218 0.20173742166374883 0.6245574176241855 0.2114433221525312 0.1721425554064796 0.7489627425843995 0.0830006130526501 0.21353846609217625 0 0.1513402969488715
1.2653634610832922 0.3147183169877773 0.17320508075688773 0.3342186823915959 0.08759291158425032 0.8597420047315316 0.11409791386597087 0.39333736882514186 0.632811929368385 0.13821772741725075 0.2755503747028393 0.32638433403032335 0.7751284898803397 0.30426566983600983 0.08293932009372915 0.8644529550904583 0.19124981323269544 0.28667574985298644 0.1513402969488715 0
