0 0.19451650093920775 0.24333213169614382 0.15156247868652792 0.10457739712320041 0.28727853649195156 0.3214514748372057 0.0690418874671285 0.3332052513561424 0.1404878717372541 0.38146550037695326 0.121403797671009 0.1782433605584765 0.2085703985966947 0.30430371133747136 0.14151495079172227 0.3974672033225129 0.15531518604934888 0.24172596145886627 0.3008638142764974
0.19451650093920775 0 0.10963019357240507 0.1485188851959309 0.19877068694518119 0.14475688641934714 0.15457376394998848 0.14846018385369786 0.17385380783702886 0.09395354794034672 0.5658950545376636 0.2835392596687155 0.07771478372490362 0.12724933182511303 0.14625987155238085 0.22278989706640626 0.562208402560184 0.29222630901050956 0.10436878093915494 0.15077105787572484
0.24333213169614382 0.10963019357240507 0 0.19433312411550333 0.24711904230111661 0.15327120894696267 0.15852479782092002 0.196035218908648 0.16512670551024836 0.13471506281091267 0.6041280991924793 0.322831998986062 0.1370503663016116 0.15714285714285714 0.1552430945647562 0.23791547571544322 0.607789741118069 0.33074754631582587 0.11037769642208699 0.15088670723086356
0.15156247868652792 0.1485188851959309 0.19433312411550333 0 0.12046007237159 0.22292811296849072 0.2552027626890242 0.12146035431237863 0.261894390659806 0.13485370375065722 0.4715517683918161 0.21058556954656596 0.10067011095094683 0.12279290809496089 0.21272925077269456 0.15411619223736084 0.476997550602572 0.20817879828045854 0.17325034390227398 0.21615787169375816
0.10457739712320041 0.19877068694518119 0.24711904230111661 0.12046007237159 0 0.2854069951590611 0.3242704954540055 0.11224161555702467 0.3261663554399622 0.16865026313472284 0.3974672033225129 0.15608726298311226 0.16565749859089315 0.17843222774847708 0.26583420753911907 0.11503065229711612 0.41324422277135897 0.14728956132745136 0.23481448978188896 0.27357294071880955
0.28727853649195156 0.14475688641934714 0.15327120894696267 0.22292811296849072 0.2854069951590611 0 0.09850251652737262 0.25484009129079527 0.09009196890449453 0.2017957509377368 0.6699944040990793 0.3774890458109772 0.14976229848275063 0.16865750791461145 0.11655989978946406 0.285811401381847 0.6727107389168274 0.38939973245002574 0.10287804509631553 0.08203688321914161
0.3214514748372057 0.15457376394998848 0.15852479782092002 0.2552027626890242 0.3242704954540055 0.09850251652737262 0 0.27364884408550305 0.0736679482340902 0.20680979474382408 0.7133739324104649 0.407983497909814 0.18152924952022528 0.20033353570775608 0.14198007795560738 0.3191311765760347 0.7156747947347767 0.42454808023871804 0.12517515283540548 0.1073301239124737
0.0690418874671285 0.14846018385369786 0.196035218908648 0.12146035431237863 0.11224161555702467 0.25484009129079527 0.27364884408550305 0 0.2851650637746887 0.09493799846686368 0.41718897822808704 0.1567020742767161 0.14262267384098362 0.17134657291827315 0.26028321207352173 0.12887316574161484 0.42328963995576335 0.18858746822104483 0.21011555157872702 0.2675741739362513
0.3332052513561424 0.17385380783702886 0.16512670551024836 0.261894390659806 0.3261663554399622 0.09009196890449453 0.0736679482340902 0.2851650637746887 0 0.2354332859151151 0.7206945896215652 0.41488187879103217 0.18843035089650384 0.20712757485606065 0.13677093392595957 0.3257879891763458 0.7159994608822657 0.42591483956776444 0.12802868163739003 0.09115399342800684
0.1404878717372541 0.09395354794034672 0.13471506281091267 0.13485370375065722 0.16865026313472284 0.2017957509377368 0.20680979474382408 0.09493799846686368 0.2354332859151151 0 0.4966996338993914 0.228747855498907 0.10231818863375726 0.13402774106187743 0.20540126391764954 0.17742406176705666 0.5016881674068239 0.23869648112406286 0.1529438225803745 0.2132489900381844
0.38146550037695326 0.5658950545376636 0.6041280991924793 0.4715517683918161 0.3974672033225129 0.6699944040990793 0.7133739324104649 0.41718897822808704 0.7206945896215652 0.4966996338993914 0 0.3130834007581261 0.5204112059969137 0.5325722393423755 0.6529454885783603 0.4275555021066408 0.10457739712320041 0.31948922553234865 0.607737125462764 0.6706808279944475
0.121403797671009 0.2835392596687155 0.322831998986062 0.21058556954656596 0.15608726298311226 0.3774890458109772 0.407983497909814 0.1567020742767161 0.41488187879103217 0.228747855498907 0.3130834007581261 0 0.24965403977071587 0.26413527189768715 0.36449046216089104 0.18154317672621342 0.3210774170536921 0.12261346396578743 0.3207010714147715 0.3708682772904789
0.1782433605584765 0.07771478372490362 0.1370503663016116 0.10067011095094683 0.16565749859089315 0.14976229848275063 0.18152924952022528 0.14262267384098362 0.18843035089650384 0.10231818863375726 0.5204112059969137 0.24965403977071587 0 0.08101499485809553 0.1559026252544072 0.17427560275247136 0.5250993199669929 0.2591407948896933 0.09389360933487997 0.1470710324071375
0.2085703985966947 0.12724933182511303 0.15714285714285714 0.12279290809496089 0.17843222774847708 0.16865750791461145 0.20033353570775608 0.17134657291827315 0.20712757485606065 0.13402774106187743 0.5325722393423755 0.26413527189768715 0.08101499485809553 0 0.13860990586138947 0.1699396255110309 0.5372427175954361 0.26111648393354675 0.12299229029889693 0.17064568079680997
0.30430371133747136 0.14625987155238085 0.1552430945647562 0.21272925077269456 0.26583420753911907 0.11655989978946406 0.14198007795560738 0.26028321207352173 0.13677093392595957 0.20540126391764954 0.6529454885783603 0.36449046216089104 0.1559026252544072 0.13860990586138947 0 0.2667508616854721 0.6634347205491639 0.36032472006855326 0.10281225098096401 0.0935338099412725
0.14151495079172227 0.22278989706640626 0.23791547571544322 0.15411619223736084 0.11503065229711612 0.285811401381847 0.3191311765760347 0.12887316574161484 0.3257879891763458 0.17742406176705666 0.4275555021066408 0.18154317672621342 0.17427560275247136 0.1699396255110309 0.2667508616854721 0 0.42477009459214754 0.17256570136720464 0.24159717180424753 0.28419473827891106
0.3974672033225129 0.562208402560184 0.607789741118069 0.476997550602572 0.41324422277135897 0.6727107389168274 0.7156747947347767 0.42328963995576335 0.7159994608822657 0.5016881674068239 0.10457739712320041 0.3210774170536921 0.5250993199669929 0.5372427175954361 0.6634347205491639 0.42477009459214754 0 0.3273268353539886 0.6113251073498304 0.6806408053883142
0.15531518604934888 0.29222630901050956 0.33074754631582587 0.20817879828045854 0.14728956132745136 0.38939973245002574 0.42454808023871804 0.18858746822104483 0.42591483956776444 0.23869648112406286 0.31948922553234865 0.12261346396578743 0.2591407948896933 0.26111648393354675 0.36032472006855326 0.17256570136720464 0.3273268353539886 0 0.32856437033638547 0.3830458961819929
0.24172596145886627 0.10436878093915494 0.11037769642208699 0.17325034390227398 0.23481448978188896 0.10287804509631553 0.12517515283540548 0.21011555157872702 0.12802868163739003 0.1529438225803745 0.607737125462764 0.3207010714147715 0.09389360933487997 0.12299229029889693 0.10281225098096401 0.24159717180424753 0.6113251073498304 0.32856437033638547 0 0.0957635311979253
0.3008638142764974 0.15077105787572484 0.15088670723086356 0.21615787169375816 0.27357294071880955 0.08203688321914161 0.1073301239124737 0.2675741739362513 0.09115399342800684 0.2132489900381844 0.6706808279944475 0.3708682772904789 0.1470710324071375 0.17064568079680997 0.0935338099412725 0.28419473827891106 0.6806408053883142 0.3830458961819929 0.0957635311979253 0
