0 0.3898739130240877 0.28337361567479435 0.3877684921818178 0.38036699193018353 0.3021842702196694 0.23483487847298185 0.35867432683044476 0.2628124134503258 0.3130843059279076 0.3550604909726939 0.19072918596172528 0.34212895868571735 0.42836296353065895 0.2850763037204558 0.24609306725872837 0.34683142817030144 0.2376618833730607 0.342799076343528 0.24377875964373058
0.3898739130240877 0 0.15333200371714437 0.10778632493858266 0.23720591674105349 0.21249203169821418 0.2922807404572724 0.21631823312345028 0.1807230190652797 0.12550787339740935 0.18511968693113648 0.347500907529671 0.15905243519763987 0.13693607212852316 0.17284611462913801 0.19036759345289767 0.1633194488800063 0.3155192468963793 0.1978042981371838 0.4331525593623215
0.28337361567479435 0.15333200371714437 0 0.17077633607155682 0.24484164535934244 0.20486365949758625 0.25212609457881896 0.25634351952019385 0.16742201715049904 0.15575878368813273 0.2274614704487785 0.24019223070763068 0.23343260299676213 0.20763856206179482 0.12074988208025086 0.0738963744530364 0.17610249802321734 0.26427415774121193 0.20181946873844256 0.3184469354605652
0.3877684921818178 0.10778632493858266 0.17077633607155682 0 0.19055476157903645 0.2469534067852593 0.29633841414201184 0.17870844652886303 0.20750478882061849 0.1385412207771952 0.15896406314270906 0.344674794630937 0.18008636246023785 0.08208276124092564 0.1891212656093478 0.19718362621970859 0.21040675876017 0.3269243569007627 0.16115134730739147 0.4343102847350449
0.38036699193018353 0.23720591674105349 0.24484164535934244 0.19055476157903645 0 0.3358872017794091 0.3912318194243388 0.18364099307321763 0.3127491008476276 0.2595630876460499 0.1446085239973788 0.41218850768441834 0.25970817028856513 0.20047946877147788 0.22595227432852988 0.25129041537738206 0.3361350858238074 0.3984317709809898 0.10528510822045876 0.5279155892143054
0.3021842702196694 0.21249203169821418 0.20486365949758625 0.2469534067852593 0.3358872017794091 0 0.1668721270831665 0.23344359662783537 0.15813943853753581 0.1471228636409807 0.23461964234109242 0.4014227474566489 0.17817622717011258 0.2448710277447136 0.286572980674462 0.2323920435490589 0.13018753245729342 0.1873043577016748 0.2874648002314812 0.3505122832409988
0.23483487847298185 0.2922807404572724 0.25212609457881896 0.29633841414201184 0.3912318194243388 0.1668721270831665 0 0.3093257707214716 0.16990853799666902 0.21267880439439849 0.3239464538180731 0.34604988043708346 0.25738097904201845 0.32459759261286 0.3397789753319929 0.2649278388420163 0.22188183838037037 0.11624763874381928 0.3329966581638813 0.27878049363981083
0.35867432683044476 0.21631823312345028 0.25634351952019385 0.17870844652886303 0.18364099307321763 0.23344359662783537 0.3093257707214716 0 0.23056060394264125 0.19680827302864667 0.10653400841747648 0.4132516461877957 0.16709024189392452 0.18581427853581228 0.2637044779285831 0.2773165959368867 0.20713941139072337 0.31304951684997057 0.1509470432368019 0.4749598451028191
0.2628124134503258 0.1807230190652797 0.16742201715049904 0.20750478882061849 0.3127491008476276 0.15813943853753581 0.16990853799666902 0.23056060394264125 0 0.139287641456668 0.21977768620376092 0.2801758000295667 0.1961279220261436 0.21608314807199072 0.25396317042293565 0.18309931799119705 0.12985119598659134 0.18445968355124293 0.262009698940292 0.29498068931054716
0.3130843059279076 0.12550787339740935 0.15575878368813273 0.1385412207771952 0.2595630876460499 0.1471228636409807 0.21267880439439849 0.19680827302864667 0.139287641456668 0 0.16890765744913896 0.29132333787739284 0.12316382751716148 0.15242934161689642 0.20862240894792528 0.18868867875029105 0.15100660513141864 0.25014272454903996 0.2086209754088163 0.3625202926920047
0.3550604909726939 0.18511968693113648 0.2274614704487785 0.15896406314270906 0.1446085239973788 0.23461964234109242 0.3239464538180731 0.10653400841747648 0.21977768620376092 0.16890765744913896 0 0.38745879796995203 0.1492728992570695 0.15060514237387054 0.21019856429456993 0.24774548063602692 0.23792336168938488 0.3014069973365082 0.1097883126381635 0.4557947454747269
0.19072918596172528 0.347500907529671 0.24019223070763068 0.344674794630937 0.41218850768441834 0.4014227474566489 0.34604988043708346 0.4132516461877957 0.2801758000295667 0.29132333787739284 0.38745879796995203 0 0.38618745819117056 0.37404877051910485 0.26796419569954344 0.20050174746036156 0.35985250067206176 0.3794003646258141 0.3635660129738659 0.24221351933589316
0.34212895868571735 0.15905243519763987 0.23343260299676213 0.18008636246023785 0.25970817028856513 0.17817622717011258 0.25738097904201845 0.16709024189392452 0.1961279220261436 0.12316382751716148 0.1492728992570695 0.38618745819117056 0 0.16692340187039756 0.2860588703002852 0.2640279036825876 0.15730126724920326 0.29846597906816874 0.21714656144953304 0.4298334183793633
0.42836296353065895 0.13693607212852316 0.20763856206179482 0.08208276124092564 0.20047946877147788 0.2448710277447136 0.32459759261286 0.18581427853581228 0.21608314807199072 0.15242934161689642 0.15060514237387054 0.37404877051910485 0.16692340187039756 0 0.21120714359035647 0.22968248186756443 0.19783664449363741 0.35741364128701625 0.17857459212326235 0.462240806924748
0.2850763037204558 0.17284611462913801 0.12074988208025086 0.1891212656093478 0.22595227432852988 0.286572980674462 0.3397789753319929 0.2637044779285831 0.25396317042293565 0.20862240894792528 0.21019856429456993 0.26796419569954344 0.2860588703002852 0.21120714359035647 0 0.1293185290052494 0.24062115865611486 0.3408791572140575 0.19189314625045648 0.34481798556724363
0.24609306725872837 0.19036759345289767 0.0738963744530364 0.19718362621970859 0.25129041537738206 0.2323920435490589 0.2649278388420163 0.2773165959368867 0.18309931799119705 0.18868867875029105 0.24774548063602692 0.20050174746036156 0.2640279036825876 0.22968248186756443 0.1293185290052494 0 0.20501939186130735 0.2681171108251381 0.21890413733336817 0.3123083893232349
0.34683142817030144 0.1633194488800063 0.17610249802321734 0.21040675876017 0.3361350858238074 0.13018753245729342 0.22188183838037037 0.20713941139072337 0.12985119598659134 0.15100660513141864 0.23792336168938488 0.35985250067206176 0.15730126724920326 0.19783664449363741 0.24062115865611486 0.20501939186130735 0 0.2485052216495345 0.2938635496921167 0.3766520204492494
0.2376618833730607 0.3155192468963793 0.26427415774121193 0.3269243569007627 0.3984317709809898 0.1873043577016748 0.11624763874381928 0.31304951684997057 0.18445968355124293 0.25014272454903996 0.3014069973365082 0.3794003646258141 0.29846597906816874 0.35741364128701625 0.3408791572140575 0.2681171108251381 0.2485052216495345 0 0.35268002869049536 0.26198391846346797
0.342799076343528 0.1978042981371838 0.20181946873844256 0.16115134730739147 0.10528510822045876 0.2874648002314812 0.3329966581638813 0.1509470432368019 0.262009698940292 0.2086209754088163 0.1097883126381635 0.3635660129738659 0.21714656144953304 0.17857459212326235 0.19189314625045648 0.21890413733336817 0.2938635496921167 0.35268002869049536 0 0.47471266327754136
0.24377875964373058 0.4331525593623215 0.3184469354605652 0.4343102847350449 0.5279155892143054 0.3505122832409988 0.27878049363981083 0.4749598451028191 0.29498068931054716 0.3625202926920047 0.4557947454747269 0.24221351933589316 0.4298334183793633 0.462240806924748 0.34481798556724363 0.3123083893232349 0.3766520204492494 0.26198391846346797 0.47471266327754136 0
