0 0.9098796246368017 1.1219010731204497 0.8054517979076083 0.05661385170722979 1.3439763071511739 0.5736496200989556 0.8735445251225237 1.166676306110168 0.29268470350248177 0.9659160602417064 1.3132396881166182 1.172248766862762 1.3727262939828577 1.2600978220046035 1.210384491039942 0.7028634960055147 0.7518094115561123 1.1641669278022866 0.8503864129218266
0.9098796246368017 0 0.16472609303346547 0.2002380275608871 0.8928710291040417 0.3582293133494518 0.2811551087934297 0.05907755711884617 0.3016557120002462 1.0264696034190661 0.05845999590766341 0.35402495697514935 0.32662880590445836 0.3316583107046259 0.34472881475706196 0.3395935280893346 0.19838642409504548 0.15918285793615305 0.2996656232481123 0.07191949522280762
1.1219010731204497 0.16472609303346547 0 0.3560968856376019 1.100929110386267 0.20290912068837974 0.4403429272102124 0.1862631143566504 0.1419790260383535 1.2517307101752264 0.128811772300222 0.19712152042433342 0.16360682242676491 0.18367725073541596 0.1872139180000154 0.17785841734214414 0.35307453953661955 0.2774525610548869 0.1425428099613627 0.22331627913970079
0.8054517979076083 0.2002380275608871 0.3560968856376019 0 0.7903952964970912 0.5605741318339011 0.17890134124826104 0.2198687549309837 0.5091621433231821 0.7980319773386508 0.23435107350326553 0.5583717684294504 0.5423930800124309 0.5308115825732572 0.5567225625126541 0.5537045044339708 0.06575959492214291 0.19929369997170918 0.5111839731569278 0.13762790938411237
0.05661385170722979 0.8928710291040417 1.100929110386267 0.7903952964970912 0 1.3188530394188391 0.5739640213948523 0.8572151502191163 1.1448673493306345 0.32824397594488725 0.9478599623333638 1.2886909872907704 1.1503356427532907 1.3408863959494504 1.236542514680579 1.187758486797412 0.6998677123677123 0.7377556599909154 1.1424048794263724 0.8432740427115678
1.3439763071511739 0.3582293133494518 0.20290912068837974 0.5605741318339011 1.3188530394188391 0 0.6035372083741581 0.3682416413462227 0.11309939147389561 1.4956784698441545 0.31721648064669994 0.036606149767077316 0.12942287136656885 0.039627215877486 0.07853655770753482 0.09621595459569389 0.5443418198867667 0.43417475191455485 0.12064527846234609 0.415081372396145
0.5736496200989556 0.2811551087934297 0.4403429272102124 0.17890134124826104 0.5739640213948523 0.6035372083741581 0 0.2528865953097636 0.5450768072132338 0.6725344835612129 0.32557134251149167 0.6007995443898405 0.581759861573653 0.6187520038935637 0.5983401442953182 0.594678879197595 0.12091270835166862 0.197315443351757 0.5430638363107324 0.2408409972677249
0.8735445251225237 0.05907755711884617 0.1862631143566504 0.2198687549309837 0.8572151502191163 0.3682416413462227 0.2528865953097636 0 0.31008683647302115 0.9880124332587275 0.09765262520780565 0.36391977533921815 0.3357579157121722 0.35537409400836456 0.35747226513060754 0.3522584952777107 0.1897034644081574 0.1149846052552938 0.30804112574751286 0.08625121016577524
1.166676306110168 0.3016557120002462 0.1419790260383535 0.5091621433231821 1.1448673493306345 0.11309939147389561 0.5450768072132338 0.31008683647302115 0 1.3069788750795883 0.26041482516617687 0.09619721404877636 0.039421847439364534 0.137432467508006 0.05513455466584664 0.04349547685609378 0.48559663669268904 0.3494210823697891 0.007926086019742 0.36093506730022445
0.29268470350248177 1.0264696034190661 1.2517307101752264 0.7980319773386508 0.32824397594488725 1.4956784698441545 0.6725344835612129 0.9880124332587275 1.3069788750795883 0 1.0856567678944429 1.4771147998270588 1.3824970233478755 1.5265381260950357 1.4066952388137526 1.3910167628589167 0.7753298418327284 0.8592159717313064 1.3121687520497505 0.9536612065978656
0.9659160602417064 0.05845999590766341 0.128811772300222 0.23435107350326553 0.9478599623333638 0.31721648064669994 0.32557134251149167 0.09765262520780565 0.26041482516617687 1.0856567678944429 0 0.30993553769042387 0.2872897749319831 0.29215591284345027 0.3027898684014095 0.3002936832823031 0.24638304942927883 0.20103420597899924 0.25840880176041503 0.10287674029332282
1.3132396881166182 0.35402495697514935 0.19712152042433342 0.5583717684294504 1.2886909872907704 0.036606149767077316 0.6007995443898405 0.36391977533921815 0.09619721404877636 1.4771147998270588 0.30993553769042387 0 0.10807974904519856 0.07024855126959924 0.06183737626304483 0.07949873024830578 0.5416138323063245 0.41707974427673644 0.10140816332354796 0.4115547222147857
1.172248766862762 0.32662880590445836 0.16360682242676491 0.5423930800124309 1.1503356427532907 0.12942287136656885 0.581759861573653 0.3357579157121722 0.039421847439364534 1.3824970233478755 0.2872897749319831 0.10807974904519856 0 0.1674939556539737 0.07258192772566939 0.03832796353593348 0.5231446963189749 0.38100977434559363 0.04221694665507154 0.39353091260738693
1.3727262939828577 0.3316583107046259 0.18367725073541596 0.5308115825732572 1.3408863959494504 0.039627215877486 0.6187520038935637 0.35537409400836456 0.137432467508006 1.5265381260950357 0.29215591284345027 0.07024855126959924 0.1674939556539737 0 0.11535208872064961 0.133618968806631 0.5245955186523699 0.44815918568065266 0.14499403807258743 0.3898299038707652
1.2600978220046035 0.34472881475706196 0.1872139180000154 0.5567225625126541 1.236542514680579 0.07853655770753482 0.5983401442953182 0.35747226513060754 0.05513455466584664 1.4066952388137526 0.3027898684014095 0.06183737626304483 0.07258192772566939 0.11535208872064961 0 0.0389852159848967 0.5352714387359853 0.4040682969378707 0.06290169118099767 0.40679637849431005
1.210384491039942 0.3395935280893346 0.17785841734214414 0.5537045044339708 1.187758486797412 0.09621595459569389 0.594678879197595 0.3522584952777107 0.04349547685609378 1.3910167628589167 0.3002936832823031 0.07949873024830578 0.03832796353593348 0.133618968806631 0.0389852159848967 0 0.5353196840945647 0.3986572265753107 0.048805627318519944 0.4024309423365916
0.7028634960055147 0.19838642409504548 0.35307453953661955 0.06575959492214291 0.6998677123677123 0.5443418198867667 0.12091270835166862 0.1897034644081574 0.48559663669268904 0.7753298418327284 0.24638304942927883 0.5416138323063245 0.5231446963189749 0.5245955186523699 0.5352714387359853 0.5353196840945647 0 0.16059805030805405 0.48752489035433 0.14914881954065332
0.7518094115561123 0.15918285793615305 0.2774525610548869 0.19929369997170918 0.7377556599909154 0.43417475191455485 0.197315443351757 0.1149846052552938 0.3494210823697891 0.8592159717313064 0.20103420597899924 0.41707974427673644 0.38100977434559363 0.44815918568065266 0.4040682969378707 0.3986572265753107 0.16059805030805405 0 0.3508085970900784 0.16600108646793438
1.1641669278022866 0.2996656232481123 0.1425428099613627 0.5111839731569278 1.1424048794263724 0.12064527846234609 0.5430638363107324 0.30804112574751286 0.007926086019742 1.3121687520497505 0.25840880176041503 0.10140816332354796 0.04221694665507154 0.14499403807258743 0.06290169118099767 0.048805627318519944 0.48752489035433 0.3508085970900784 0 0.3623683028553065
0.8503864129218266 0.07191949522280762 0.22331627913970079 0.13762790938411237 0.8432740427115678 0.415081372396145 0.2408409972677249 0.08625121016577524 0.36093506730022445 0.9536612065978656 0.10287674029332282 0.4115547222147857 0.39353091260738693 0.3898299038707652 0.40679637849431005 0.4024309423365916 0.14914881954065332 0.16600108646793438 0.3623683028553065 0
