0 0.193984242130522 0.6318018931744704 0.22751288872818817 0.17742056052947144 0.4862166383263152 0.47915851294089684 0.3555520682491978 0.500750795908595 0.725110637712867 0.630977462183524 0.8147575021035661 0.6098749702966075 0.4979672790944535 0.3449361724231204 0.4165113166457318 0.8472855292519756 0.708216251440871 0.3468531558432101 0.7471287022471045
0.193984242130522 0 0.561980657261629 0.15390288410516456 0.20382809845506278 0.4481677087948826 0.45140656739535434 0.30900895797324573 0.439189803848358 0.6489184022492499 0.581352349087476 0.7350213672107841 0.5471369972662226 0.44638264306916564 0.32255103113563055 0.35053308079573703 0.7682176287468538 0.6273999606425587 0.29417211057123466 0.6652516733412935
0.6318018931744704 0.561980657261629 0 0.5385106375307686 0.5962341562524959 0.2273867399626723 0.31077822381177933 0.4217144117916555 0.20409799055884933 0.2199145786250508 0.21863939723345946 0.23603873774083295 0.1506741607001768 0.20694314971921907 0.3856102534693761 0.29617800275922646 0.25068484750395226 0.17610014413385797 0.343517957545109 0.1909821042237691
0.22751288872818817 0.15390288410516456 0.5385106375307686 0 0.23065979569048234 0.4266792717428391 0.4360589497515455 0.3159572840317423 0.4242808307548694 0.6212227471233739 0.5545183237905816 0.7058236714899221 0.5240268309333409 0.4281730885453412 0.3028305341748677 0.323912695519158 0.735918185994414 0.6079821825721103 0.28262066910135075 0.6474291913043398
0.17742056052947144 0.20382809845506278 0.5962341562524959 0.23065979569048234 0 0.45012635415495506 0.43619243739174973 0.3109371676027109 0.467343000229975 0.6694370487300941 0.5865843986450232 0.7615333941252301 0.569410727333521 0.4549266266006652 0.30552071195038416 0.3897190434773997 0.7927388922395381 0.6694663788973444 0.3113335830266683 0.698926536940378
0.4862166383263152 0.4481677087948826 0.2273867399626723 0.4266792717428391 0.45012635415495506 0 0.2358063053447213 0.3386613214279721 0.17813135324295187 0.2848030670395597 0.24839818654913434 0.351237295362198 0.20213159998952804 0.14574906956009867 0.26760906329304945 0.21755868373953582 0.3749716071306144 0.28268678864186536 0.244900559598418 0.2995039937734202
0.47915851294089684 0.45140656739535434 0.31077822381177933 0.4360589497515455 0.43619243739174973 0.2358063053447213 0 0.2390206750412315 0.26466149212845563 0.33512686069979747 0.24535671376484755 0.4020143130406508 0.2996879874350819 0.21701658113250333 0.2700767930802542 0.27490974524050293 0.42243119024640957 0.3315351968217868 0.2792651116549048 0.36561496744387434
0.3555520682491978 0.30900895797324573 0.4217144117916555 0.3159572840317423 0.3109371676027109 0.3386613214279721 0.2390206750412315 0 0.3367576451817954 0.4789000737339371 0.38431107438274825 0.5565256655934545 0.426044305903386 0.3213822586748073 0.20424052634638568 0.2947891181879251 0.5812432477764423 0.46674686899181034 0.2347043028362229 0.5054573395059867
0.500750795908595 0.439189803848358 0.20409799055884933 0.4242808307548694 0.467343000229975 0.17813135324295187 0.26466149212845563 0.3367576451817954 0 0.308947786620752 0.271099641546564 0.340785671785824 0.20099538188266164 0.17168605632347447 0.28454769044104783 0.21879410798190488 0.3544714382840178 0.26620515901146136 0.23828685571918412 0.2942537162026906
0.725110637712867 0.6489184022492499 0.2199145786250508 0.6212227471233739 0.6694370487300941 0.2848030670395597 0.33512686069979747 0.4789000737339371 0.308947786620752 0 0.2058808027856737 0.21136813838740856 0.1912294312919034 0.2706553899561263 0.44083101502238703 0.37906538705602044 0.22490540864350128 0.18780026765970131 0.42953578896188055 0.17405866117622554
0.630977462183524 0.581352349087476 0.21863939723345946 0.5545183237905816 0.5865843986450232 0.24839818654913434 0.24535671376484755 0.38431107438274825 0.271099641546564 0.2058808027856737 0 0.2961078454129642 0.19081915920542464 0.23963794094332302 0.3657573323604987 0.3566897783446113 0.32047133787209636 0.2500931075438271 0.37523963991397596 0.25555714539806623
0.8147575021035661 0.7350213672107841 0.23603873774083295 0.7058236714899221 0.7615333941252301 0.351237295362198 0.4020143130406508 0.5565256655934545 0.340785671785824 0.21136813838740856 0.2961078454129642 0 0.24621880639727872 0.32708916463476434 0.5199863518827393 0.42941550716515137 0.14287095838122282 0.1759586297540772 0.4930354756403879 0.1564285895187954
0.6098749702966075 0.5471369972662226 0.1506741607001768 0.5240268309333409 0.569410727333521 0.20213159998952804 0.2996879874350819 0.426044305903386 0.20099538188266164 0.1912294312919034 0.19081915920542464 0.24621880639727872 0 0.1958805492862979 0.3684485448221702 0.29971291801332095 0.2578070391920829 0.1935794971270257 0.33332506808498197 0.19663646646157903
0.4979672790944535 0.44638264306916564 0.20694314971921907 0.4281730885453412 0.4549266266006652 0.14574906956009867 0.21701658113250333 0.3213822586748073 0.17168605632347447 0.2706553899561263 0.23963794094332302 0.32708916463476434 0.1958805492862979 0 0.2698657021606095 0.2126885090600684 0.350838301829899 0.2536180481484267 0.24217025623125635 0.27843051005570496
0.3449361724231204 0.32255103113563055 0.3856102534693761 0.3028305341748677 0.30552071195038416 0.26760906329304945 0.2700767930802542 0.20424052634638568 0.28454769044104783 0.44083101502238703 0.3657573323604987 0.5199863518827393 0.3684485448221702 0.2698657021606095 0 0.24554478213565722 0.5383467772117698 0.43093604811829933 0.1938498244101247 0.458931951740457
0.4165113166457318 0.35053308079573703 0.29617800275922646 0.323912695519158 0.3897190434773997 0.21755868373953582 0.27490974524050293 0.2947891181879251 0.21879410798190488 0.37906538705602044 0.3566897783446113 0.42941550716515137 0.29971291801332095 0.2126885090600684 0.24554478213565722 0 0.45465036269182757 0.35106646946814407 0.20097276558546 0.38910925719065803
0.8472855292519756 0.7682176287468538 0.25068484750395226 0.735918185994414 0.7927388922395381 0.3749716071306144 0.42243119024640957 0.5812432477764423 0.3544714382840178 0.22490540864350128 0.32047133787209636 0.14287095838122282 0.2578070391920829 0.350838301829899 0.5383467772117698 0.45465036269182757 0 0.1887989540174952 0.5194222822981687 0.16756711885661815
0.708216251440871 0.6273999606425587 0.17610014413385797 0.6079821825721103 0.6694663788973444 0.28268678864186536 0.3315351968217868 0.46674686899181034 0.26620515901146136 0.18780026765970131 0.2500931075438271 0.1759586297540772 0.1935794971270257 0.2536180481484267 0.43093604811829933 0.35106646946814407 0.1887989540174952 0 0.41307373760610305 0.15398791564036143
0.3468531558432101 0.29417211057123466 0.343517957545109 0.28262066910135075 0.3113335830266683 0.244900559598418 0.2792651116549048 0.2347043028362229 0.23828685571918412 0.42953578896188055 0.37523963991397596 0.4930354756403879 0.33332506808498197 0.24217025623125635 0.1938498244101247 0.20097276558546 0.5194222822981687 0.41307373760610305 0 0.4498682219699403
0.7471287022471045 0.6652516733412935 0.1909821042237691 0.6474291913043398 0.698926536940378 0.2995039937734202 0.36561496744387434 0.5054573395059867 0.2942537162026906 0.17405866117622554 0.25555714539806623 0.1564285895187954 0.19663646646157903 0.27843051005570496 0.458931951740457 0.38910925719065803 0.16756711885661815 0.15398791564036143 0.4498682219699403 0
