0 1.1386696744231755 0.8574929257125442 0.5613608914238398 0.9200396888426299 0.7901580474158055 0.7821538888750429 0.9431940973635171 0.38591641932605264 0.34019714654514044 0.8443213716716589 0.5805757147845338 0.45256680091718243 0.7882407813680822 0.7761570016953835 0.4624245646453283 0.2930026560268554 0.3465963996984698 0.6642111641550715 0.7784674915649338
1.1386696744231755 0 2.742413778650722 1.9843134832984428 2.8923457435816586 2.626396615835748 2.531848417709167 2.97114033615367 1.574016546891309 1.5617376188860608 2.737433944580027 0.6172133998483676 1.6587220067425927 2.602582851707127 2.5785531156469834 1.8200274723201295 1.4384911389218764 1.4717809757251006 2.23606797749979 2.489676487214556
0.8574929257125442 2.742413778650722 0 0.34551165954032126 0.1797001583713908 0.17982365175193965 0.17053905930970012 0.18768883698161445 0.5409279030098944 0.5710574352893738 0.17249839031654166 1.6035674514745464 0.5320353317242179 0.1865976228131167 0.2133843947461899 0.4229608457163435 0.6011333973099161 0.6200755364357442 0.23130317206516518 0.23200388752304094
0.5613608914238398 1.9843134832984428 0.34551165954032126 0 0.3902250265714749 0.29907805642580826 0.28708462588160727 0.4057606610114269 0.2549667148515331 0.27546462351377915 0.37235291725018504 1.108102502687628 0.2879270764972656 0.3343239249178658 0.34435918588357395 0.19036384827209385 0.37282185960072006 0.38087702690536696 0.1901597073139162 0.24433222928968423
0.9200396888426299 2.8923457435816586 0.1797001583713908 0.3902250265714749 0 0.19324698792024927 0.17990315513691182 0.1735552007713071 0.5735559130366209 0.6188762337766163 0.18978860454128946 1.686797999936684 0.5775585485142904 0.23244000103300058 0.26308772233315497 0.4942715772498329 0.6814233498825585 0.6667542005317078 0.2648102742111809 0.23874032957116806
0.7901580474158055 2.626396615835748 0.17982365175193965 0.29907805642580826 0.19324698792024927 0 0.15345318729416418 0.22452510468485445 0.46942763257424514 0.5127177996332161 0.17129717745688292 1.4963512473325191 0.46915743162841816 0.17526704600399354 0.2135880232647742 0.38157658878321093 0.5563279854168494 0.5545076083135404 0.19199542936736588 0.19590160511757673
0.7821538888750429 2.531848417709167 0.17053905930970012 0.28708462588160727 0.17990315513691182 0.15345318729416418 0 0.20672455764868078 0.4630389514769204 0.4982144478259478 0.1913627923862399 1.4689293236072856 0.4628928474094535 0.1860521018838127 0.20891218002655543 0.3755982166082572 0.5494279769643169 0.5236999172957042 0.17550294029241234 0.16455409492009984
0.9431940973635171 2.97114033615367 0.18768883698161445 0.4057606610114269 0.1735552007713071 0.22452510468485445 0.20672455764868078 0 0.6051901717914145 0.6304925273626345 0.2065879182781893 1.721838154819813 0.5885530595304272 0.24074074074074073 0.2526455763199557 0.48600253354643835 0.6935279237211583 0.6784395714599256 0.28907579423883767 0.24726606233963858
0.38591641932605264 1.574016546891309 0.5409279030098944 0.2549667148515331 0.5735559130366209 0.46942763257424514 0.4630389514769204 0.6051901717914145 0 0.19899721199284748 0.5301979632696779 0.8095867536036437 0.12156366026819719 0.5125416763907626 0.5256963779667074 0.21620780054555833 0.2587667263108066 0.17888861847035864 0.36034081869527007 0.41643303323497305
0.34019714654514044 1.5617376188860608 0.5710574352893738 0.27546462351377915 0.6188762337766163 0.5127177996332161 0.4982144478259478 0.6304925273626345 0.19899721199284748 0 0.5599316180787705 0.8193365776101958 0.2648054969586398 0.5020916615373788 0.4993509019722174 0.21452116007007205 0.16688625393800646 0.24849034773521314 0.39286704137038775 0.4829580301208532
0.8443213716716589 2.737433944580027 0.17249839031654166 0.37235291725018504 0.18978860454128946 0.17129717745688292 0.1913627923862399 0.2065879182781893 0.5301979632696779 0.5599316180787705 0 1.6148206944585237 0.5500561310406116 0.16318247800165483 0.20488734293356478 0.4192738873484461 0.6053519290464463 0.6090090465496738 0.2491770492600277 0.22855304832460174
0.5805757147845338 0.6172133998483676 1.6035674514745464 1.108102502687628 1.686797999936684 1.4963512473325191 1.4689293236072856 1.721838154819813 0.8095867536036437 0.8193365776101958 1.6148206944585237 0 0.8872807226269156 1.5276064117456267 1.511941658438172 1.0173693681583138 0.8371213775625377 0.7610943550173662 1.2938729237669142 1.4234339857817775
0.45256680091718243 1.6587220067425927 0.5320353317242179 0.2879270764972656 0.5775585485142904 0.46915743162841816 0.4628928474094535 0.5885530595304272 0.12156366026819719 0.2648054969586398 0.5500561310406116 0.8872807226269156 0 0.5342122230681008 0.5398654198968202 0.25315887808918186 0.31511100761641775 0.16421793109700586 0.36265926036768287 0.4250432090679406
0.7882407813680822 2.602582851707127 0.1865976228131167 0.3343239249178658 0.23244000103300058 0.17526704600399354 0.1860521018838127 0.24074074074074073 0.5125416763907626 0.5020916615373788 0.16318247800165483 1.5276064117456267 0.5342122230681008 0 0.1789572832266353 0.39955015979058156 0.5453142948613947 0.5927324447462382 0.22821773229381923 0.23002876472461567
0.7761570016953835 2.5785531156469834 0.2133843947461899 0.34435918588357395 0.26308772233315497 0.2135880232647742 0.20891218002655543 0.2526455763199557 0.5256963779667074 0.4993509019722174 0.20488734293356478 1.511941658438172 0.5398654198968202 0.1789572832266353 0 0.39669449135334905 0.5426067467845606 0.6072104672809465 0.26522772230830444 0.24868134812696086
0.4624245646453283 1.8200274723201295 0.4229608457163435 0.19036384827209385 0.4942715772498329 0.38157658878321093 0.3755982166082572 0.48600253354643835 0.21620780054555833 0.21452116007007205 0.4192738873484461 1.0173693681583138 0.25315887808918186 0.39955015979058156 0.39669449135334905 0 0.28227422011071557 0.30597895218202403 0.2841114915357024 0.35278284105990615
0.2930026560268554 1.4384911389218764 0.6011333973099161 0.37282185960072006 0.6814233498825585 0.5563279854168494 0.5494279769643169 0.6935279237211583 0.2587667263108066 0.16688625393800646 0.6053519290464463 0.8371213775625377 0.31511100761641775 0.5453142948613947 0.5426067467845606 0.28227422011071557 0 0.2746565049099698 0.44112877325628463 0.5600951380850969
0.3465963996984698 1.4717809757251006 0.6200755364357442 0.38087702690536696 0.6667542005317078 0.5545076083135404 0.5236999172957042 0.6784395714599256 0.17888861847035864 0.24849034773521314 0.6090090465496738 0.7610943550173662 0.16421793109700586 0.5927324447462382 0.6072104672809465 0.30597895218202403 0.2746565049099698 0 0.4447300418530125 0.5087220890245037
0.6642111641550715 2.23606797749979 0.23130317206516518 0.1901597073139162 0.2648102742111809 0.19199542936736588 0.17550294029241234 0.28907579423883767 0.36034081869527007 0.39286704137038775 0.2491770492600277 1.2938729237669142 0.36265926036768287 0.22821773229381923 0.26522772230830444 0.2841114915357024 0.44112877325628463 0.4447300418530125 0 0.18752289237539815
0.7784674915649338 2.489676487214556 0.23200388752304094 0.24433222928968423 0.23874032957116806 0.19590160511757673 0.16455409492009984 0.24726606233963858 0.41643303323497305 0.4829580301208532 0.22855304832460174 1.4234339857817775 0.4250432090679406 0.23002876472461567 0.24868134812696086 0.35278284105990615 0.5600951380850969 0.5087220890245037 0.18752289237539815 0
