0 0.12012633477918623 0.14042957196433706 0.13583954119615155 0.1084066816858112 0.18755216999449878 0.1954735393571807 0.17963728018104358 0.2272633851582356 0.18582883633137726 0.16061780767671152 0.2428226554016673 0.1743551533367774 0.11791665765914454 0.15659019199862312 0.1203827413351235 0.17803208659105244 0.1945758575524805 0.10890171046725804 0.2943125886501853
0.12012633477918623 0 0.18125164398053187 0.08102684458914186 0.1312513770958592 0.17812882905633373 0.23542945921593295 0.20891218002655543 0.26093122922137685 0.21971463305670458 0.13046561461068845 0.2757063743329703 0.24935315640287958 0.1130586633195073 0.23235782830182222 0.029850814123522012 0.21102703546742352 0.24985662852868695 0.14543534405062583 0.3303960746027293
0.14042957196433706 0.18125164398053187 0 0.22304115931947222 0.10026322353541486 0.08216090561535712 0.08125861075837584 0.0877736675058764 0.09251835416229486 0.04696498010357219 0.10006729008066047 0.13409701655820214 0.13432688213213093 0.12284786018704101 0.105651728285054 0.17051779515753185 0.09477685166461228 0.11480169390520105 0.03889917031385743 0.17882436262167525
0.13583954119615155 0.08102684458914186 0.22304115931947222 0 0.17671096683357404 0.22688951586736975 0.2783490660099744 0.26888071512011724 0.3087135397057901 0.26290722519404724 0.1704867852492875 0.3298491810179369 0.2823542943715121 0.15804174746791175 0.25714444602842607 0.07668869461110862 0.2641614744940412 0.2982937888863369 0.1972421118046462 0.3857795117713537
0.1084066816858112 0.1312513770958592 0.10026322353541486 0.17671096683357404 0 0.09853577166833975 0.16180043609159506 0.16922855471592416 0.1572411962191312 0.1312960150805303 0.06455760997232038 0.21781293188278408 0.15756347478316257 0.03396613377785137 0.1303065811227288 0.11957411797000328 0.1545049851568418 0.14345612056239548 0.1115355016873438 0.2680245849099319
0.18755216999449878 0.17812882905633373 0.08216090561535712 0.22688951586736975 0.09853577166833975 0 0.12126675164560102 0.11005764864710452 0.09385738317058574 0.08308046267499458 0.06228403552312766 0.14580649156382813 0.13801311186847084 0.11728182829526755 0.10993916855367315 0.16757991551205678 0.13220428123728223 0.12807020985144385 0.08282943498909671 0.18373170263147048
0.1954735393571807 0.23542945921593295 0.08125861075837584 0.2783490660099744 0.16180043609159506 0.12126675164560102 0 0.03966069322459069 0.05586788341413424 0.06740261369213939 0.14985738139320712 0.06676168423374142 0.08572303340892647 0.18397279093447477 0.08434545873922945 0.22552321360517275 0.051508524253273666 0.12197248738205184 0.09102199812409126 0.11665587080136151
0.17963728018104358 0.20891218002655543 0.0877736675058764 0.26888071512011724 0.16922855471592416 0.11005764864710452 0.03966069322459069 0 0.07023164640573996 0.08546878256251034 0.14128954747507688 0.07251229624094366 0.07758909001678076 0.18832199392585 0.07604972938227259 0.20935809767377592 0.04604550104733138 0.12558612603831754 0.07323133818414529 0.12496991273021966
0.2272633851582356 0.26093122922137685 0.09251835416229486 0.3087135397057901 0.1572411962191312 0.09385738317058574 0.05586788341413424 0.07023164640573996 0 0.061027948620309934 0.14241486068111456 0.08474182828237939 0.10484279145343223 0.17592189932562807 0.09517836107152264 0.2580475462344527 0.0936442504135123 0.10655525916362929 0.12034988431053252 0.13077137417636747
0.18582883633137726 0.21971463305670458 0.04696498010357219 0.26290722519404724 0.1312960150805303 0.08308046267499458 0.06740261369213939 0.08546878256251034 0.061027948620309934 0 0.11367951213587144 0.11946288149702695 0.11593595335795548 0.1469641069891153 0.08774835009090133 0.216574040912105 0.08335696394016967 0.09970198034086762 0.07891187698735105 0.16357529507175794
0.16061780767671152 0.13046561461068845 0.10006729008066047 0.1704867852492875 0.06455760997232038 0.06228403552312766 0.14985738139320712 0.14128954747507688 0.14241486068111456 0.11367951213587144 0 0.18054371135896638 0.1646815229824977 0.07282170124590269 0.13538740131029423 0.1192078468487001 0.15540605549907302 0.1544966555758822 0.09079336860485762 0.22485575650235134
0.2428226554016673 0.2757063743329703 0.13409701655820214 0.3298491810179369 0.21781293188278408 0.14580649156382813 0.06676168423374142 0.07251229624094366 0.08474182828237939 0.11946288149702695 0.18054371135896638 0 0.10564684006457628 0.23981255916576602 0.11029081012021895 0.27300563790798654 0.08138483467985262 0.14591639396289782 0.13518814127047948 0.06731663961730364
0.1743551533367774 0.24935315640287958 0.13432688213213093 0.2823542943715121 0.15756347478316257 0.13801311186847084 0.08572303340892647 0.07758909001678076 0.10484279145343223 0.11593595335795548 0.1646815229824977 0.10564684006457628 0 0.17662251655560196 0.0324534611433613 0.2534049068639802 0.05805521354147396 0.05597199929761188 0.1292644282570314 0.1286244117416176
0.11791665765914454 0.1130586633195073 0.12284786018704101 0.15804174746791175 0.03396613377785137 0.11728182829526755 0.18397279093447477 0.18832199392585 0.17592189932562807 0.1469641069891153 0.07282170124590269 0.23981255916576602 0.17662251655560196 0 0.1526406277181659 0.1011607001012819 0.17687904903147283 0.16257274932485938 0.13092444970024353 0.28688934922129505
0.15659019199862312 0.23235782830182222 0.105651728285054 0.25714444602842607 0.1303065811227288 0.10993916855367315 0.08434545873922945 0.07604972938227259 0.09517836107152264 0.08774835009090133 0.13538740131029423 0.11029081012021895 0.0324534611433613 0.1526406277181659 0 0.23643615608035906 0.056137395924416224 0.05697157827189511 0.10964408669561684 0.1413951743697821
0.1203827413351235 0.029850814123522012 0.17051779515753185 0.07668869461110862 0.11957411797000328 0.16757991551205678 0.22552321360517275 0.20935809767377592 0.2580475462344527 0.216574040912105 0.1192078468487001 0.27300563790798654 0.2534049068639802 0.1011607001012819 0.23643615608035906 0 0.21147746721890678 0.23965894356943246 0.1382716298770198 0.32797769934555215
0.17803208659105244 0.21102703546742352 0.09477685166461228 0.2641614744940412 0.1545049851568418 0.13220428123728223 0.051508524253273666 0.04604550104733138 0.0936442504135123 0.08335696394016967 0.15540605549907302 0.08138483467985262 0.05805521354147396 0.17687904903147283 0.056137395924416224 0.21147746721890678 0 0.10030589615386898 0.0893836455091832 0.13396367936409107
0.1945758575524805 0.24985662852868695 0.11480169390520105 0.2982937888863369 0.14345612056239548 0.12807020985144385 0.12197248738205184 0.12558612603831754 0.10655525916362929 0.09970198034086762 0.1544966555758822 0.14591639396289782 0.05597199929761188 0.16257274932485938 0.05697157827189511 0.23965894356943246 0.10030589615386898 0 0.14388777105056527 0.14902686551171154
0.10890171046725804 0.14543534405062583 0.03889917031385743 0.1972421118046462 0.1115355016873438 0.08282943498909671 0.09102199812409126 0.07323133818414529 0.12034988431053252 0.07891187698735105 0.09079336860485762 0.13518814127047948 0.1292644282570314 0.13092444970024353 0.10964408669561684 0.1382716298770198 0.0893836455091832 0.14388777105056527 0 0.1857424390879367
0.2943125886501853 0.3303960746027293 0.17882436262167525 0.3857795117713537 0.2680245849099319 0.18373170263147048 0.11665587080136151 0.12496991273021966 0.13077137417636747 0.16357529507175794 0.22485575650235134 0.06731663961730364 0.1286244117416176 0.28688934922129505 0.1413951743697821 0.32797769934555215 0.13396367936409107 0.14902686551171154 0.1857424390879367 0
