0 0.8944271909999159 0.8194016708203834 1.0114232659856224 1.1129448507293094 1.1001969118825974 1.2788469791441173 0.8061086318689475 0.5992437462555623 1.210384491039942 1.166676306110168 1.375429889020977 0.5236808221301937 0.9833594673342205 0.9148600992217911 1.17780863711492 1.275135428068452 1.4163202424659624 0.884053437733959 1.174737422925018
0.8944271909999159 0 0.17915214404572546 0.1837559081124571 0.16480929413503922 0.2792563067875757 0.3407800098356971 0.21547290184283366 0.23875468303358016 0.2907556435227643 0.3085981100432522 0.3243312260870582 0.30705852929319677 0.0829077838547179 0.022729881908468086 0.33000079327209114 0.31185978880867915 0.3576512694381352 0.1395390764128595 0.28483294699228123
0.8194016708203834 0.17915214404572546 0 0.14215568942475093 0.22681289045906253 0.21468229067496244 0.32311429857697505 0.03509312031717982 0.25791019191257203 0.27833120942069706 0.24922748156665644 0.38478382587485677 0.3360792275749607 0.18316875326179907 0.1764579733716888 0.2720879728278587 0.3207103196697549 0.41041148075293227 0.049239912322395954 0.25462672702397626
1.0114232659856224 0.1837559081124571 0.14215568942475093 0 0.11205332158388157 0.09774284999977502 0.17697052657849946 0.15990053726670783 0.35366674532225023 0.1335701682858685 0.13153621999357523 0.23633602008855897 0.430351161055527 0.09604544744405107 0.16010875350287934 0.15159898861386079 0.17464709697919362 0.2608754013561248 0.09259296837345583 0.11049499998481842
1.1129448507293094 0.16480929413503922 0.22681289045906253 0.11205332158388157 0 0.11111516974209565 0.1650724778452809 0.25923713906300583 0.4008778816015087 0.11663745071645139 0.1308723220333385 0.16533504135279933 0.472781051328651 0.08958813821642549 0.14285111957716307 0.14684543406857611 0.14254209954444597 0.19186129458910345 0.18934473873003646 0.11120302812945371
1.1001969118825974 0.2792563067875757 0.21468229067496244 0.09774284999977502 0.11111516974209565 0 0.11526191652100218 0.22206394883623548 0.4674937935403237 0.08288177537155081 0.043998570069708726 0.19092153522788993 0.5488150804715731 0.19006158972988013 0.2554098157036985 0.05485404926555621 0.11552597624055569 0.19822791512600965 0.17086793523977353 0.05744656437612861
1.2788469791441173 0.3407800098356971 0.32311429857697505 0.17697052657849946 0.1650724778452809 0.11526191652100218 0 0.34160381583469546 0.5293276130795973 0.05004598171921531 0.07108355580436222 0.09047522748893612 0.609484072094787 0.25550824359448077 0.31814276092551963 0.07578669306279529 0.022883355108381638 0.0883461003674942 0.2717592619602637 0.06583564529782344
0.8061086318689475 0.21547290184283366 0.03509312031717982 0.15990053726670783 0.25923713906300583 0.22206394883623548 0.34160381583469546 0 0.27297434161777523 0.29658758718594236 0.26734914233970236 0.4036437551461994 0.35324202691280204 0.21747941810042 0.21223252324571024 0.2700669256925571 0.3391865413450539 0.42944148486819816 0.0668153104781061 0.2727723627949905
0.5992437462555623 0.23875468303358016 0.25791019191257203 0.35366674532225023 0.4008778816015087 0.4674937935403237 0.5293276130795973 0.27297434161777523 0 0.47023041057239884 0.4997725278535636 0.5844453203080601 0.07252554577851326 0.30596478192941495 0.2543612586434005 0.52258165937786 0.5154894901253761 0.6121965929252787 0.2946278254943948 0.46909709371657093
1.210384491039942 0.2907556435227643 0.27833120942069706 0.1335701682858685 0.11663745071645139 0.08288177537155081 0.05004598171921531 0.29658758718594236 0.47023041057239884 0 0.05117114924246327 0.10793086543986267 0.5482947619304229 0.20582563628168313 0.2681033549314921 0.06379627194870317 0.04060622812978911 0.12515176486380372 0.22755681729955374 0.025451967574230256
1.166676306110168 0.3085981100432522 0.24922748156665644 0.13153621999357523 0.1308723220333385 0.043998570069708726 0.07108355580436222 0.26734914233970236 0.4997725278535636 0.05117114924246327 0 0.15726589940322355 0.5811627872829274 0.22064498753952194 0.2851557918205382 0.018372766696283224 0.08353026786407854 0.15356500689385347 0.20519567041703082 0.02617836926823097
1.375429889020977 0.3243312260870582 0.38478382587485677 0.23633602008855897 0.16533504135279933 0.19092153522788993 0.09047522748893612 0.4036437551461994 0.5844453203080601 0.10793086543986267 0.15726589940322355 0 0.6620813051607083 0.2568015665948734 0.3084381391287642 0.16838702625193228 0.07340964451696864 0.03572441311721557 0.33249067778361563 0.13343809400710624
0.5236808221301937 0.30705852929319677 0.3360792275749607 0.430351161055527 0.472781051328651 0.5488150804715731 0.609484072094787 0.35324202691280204 0.07252554577851326 0.5482947619304229 0.5811627872829274 0.6620813051607083 0 0.3755784778123112 0.3229453088104194 0.6054011742766117 0.590785622837456 0.6908322182974352 0.3723867277441558 0.5481509678620253
0.9833594673342205 0.0829077838547179 0.18316875326179907 0.09604544744405107 0.08958813821642549 0.19006158972988013 0.25550824359448077 0.21747941810042 0.30596478192941495 0.20582563628168313 0.22064498753952194 0.2568015665948734 0.3755784778123112 0 0.06035811509052583 0.24088373800864415 0.2282573401666318 0.2814634319480758 0.14530954842977412 0.1987299553606795
0.9148600992217911 0.022729881908468086 0.1764579733716888 0.16010875350287934 0.14285111957716307 0.2554098157036985 0.31814276092551963 0.21223252324571024 0.2543612586434005 0.2681033549314921 0.2851557918205382 0.3084381391287642 0.3229453088104194 0.06035811509052583 0 0.30628589498166303 0.2896173350119467 0.33613811877752126 0.13744062490084338 0.26184620072825365
1.17780863711492 0.33000079327209114 0.2720879728278587 0.15159898861386079 0.14684543406857611 0.05485404926555621 0.07578669306279529 0.2700669256925571 0.52258165937786 0.06379627194870317 0.018372766696283224 0.16838702625193228 0.6054011742766117 0.24088373800864415 0.30628589498166303 0 0.09556297928963585 0.16442442351036102 0.2270422513553888 0.039164624357283455
1.275135428068452 0.31185978880867915 0.3207103196697549 0.17464709697919362 0.14254209954444597 0.11552597624055569 0.022883355108381638 0.3391865413450539 0.5154894901253761 0.04060622812978911 0.08353026786407854 0.07340964451696864 0.590785622837456 0.2282573401666318 0.2896173350119467 0.09556297928963585 0 0.08433190209254683 0.2693886427184488 0.06354252831921922
1.4163202424659624 0.3576512694381352 0.41041148075293227 0.2608754013561248 0.19186129458910345 0.19822791512600965 0.0883461003674942 0.42944148486819816 0.6121965929252787 0.12515176486380372 0.15356500689385347 0.03572441311721557 0.6908322182974352 0.2814634319480758 0.33613811877752126 0.16442442351036102 0.08433190209254683 0 0.35768318069478466 0.14827006315472782
0.884053437733959 0.1395390764128595 0.049239912322395954 0.09259296837345583 0.18934473873003646 0.17086793523977353 0.2717592619602637 0.0668153104781061 0.2946278254943948 0.22755681729955374 0.20519567041703082 0.33249067778361563 0.3723867277441558 0.14530954842977412 0.13744062490084338 0.2270422513553888 0.2693886427184488 0.35768318069478466 0 0.20412414523193154
1.174737422925018 0.28483294699228123 0.25462672702397626 0.11049499998481842 0.11120302812945371 0.05744656437612861 0.06583564529782344 0.2727723627949905 0.46909709371657093 0.025451967574230256 0.02617836926823097 0.13343809400710624 0.5481509678620253 0.1987299553606795 0.26184620072825365 0.039164624357283455 0.06354252831921922 0.14827006315472782 0.20412414523193154 0
