0 1.0868875963606783 0.5728300655662524 1.1609136541334795 1.1342602442512884 1.421083385967004 1.1621919484287417 1.5461647983209164 1.0469508336369115 1.5223518473266369 0.6101334064961759 0.8928161345214515 0.9721448603770985 0.7351470441147051 1.3551413947051776 0.6387396813549321 0.749911405114569 1.3437972889058716 1.1618950038622249 1.3428419889839966
1.0868875963606783 0 0.5215946710697517 0.17783513874893972 0.18033174595398066 0.2949676555836716 0.15685082947070966 0.3163405617621244 0.1862663188374069 0.31276454600511394 0.4729794402180896 0.23749037570292333 0.2201275397103441 2.2686523285030145 0.2475972782568049 0.5157666147286203 0.44740222751865055 0.22018441286455762 0.19499878402497936 0.2222616703094937
0.5728300655662524 0.5215946710697517 0 0.5327266931721772 0.5050252518939078 0.776993765952201 0.6075790051927725 0.8205161505093932 0.5526340525821859 0.8154811277380793 0.2156506386845445 0.3563414822599973 0.414035015112301 1.3708615406511204 0.7219979167113553 0.1797866299901979 0.2229322659031727 0.696765910704552 0.6372463320416484 0.6821544003227199
1.1609136541334795 0.17783513874893972 0.5327266931721772 0 0.1598259994514182 0.3215546166618118 0.20490829735343163 0.32054796074050457 0.23772347235571045 0.3024606420932811 0.5181612756136763 0.23900237994106596 0.2575274646647892 2.364763257317293 0.2679129919126274 0.5315631096354259 0.41890585364181226 0.26027727147397184 0.23537150430188827 0.24918984542864378
1.1342602442512884 0.18033174595398066 0.5050252518939078 0.1598259994514182 0 0.348192406019618 0.21787820045387116 0.343494352596368 0.22158118079187825 0.3351333412772349 0.48590749362513536 0.22748575685425174 0.2289616215888547 2.3266642079667754 0.29578497067107296 0.5092710936385382 0.42359248536981364 0.27981167531647216 0.2585933305026829 0.2628756223458869
1.421083385967004 0.2949676555836716 0.776993765952201 0.3215546166618118 0.348192406019618 0 0.2350056449851218 0.18660042974932906 0.31225525191724984 0.20141307167485706 0.7185279168885884 0.47300493384559605 0.44095682795919966 2.830791939053011 0.1590314099913506 0.7763994935966282 0.6782812302223923 0.16993308219910921 0.20894178128177077 0.1783977103874001
1.1621919484287417 0.15685082947070966 0.6075790051927725 0.20490829735343163 0.21787820045387116 0.2350056449851218 0 0.29745963217260757 0.18917111631094727 0.2890666463938754 0.5447330289382896 0.3135656214058367 0.2861958546420646 2.418458723688976 0.2043874698868436 0.5865983053948706 0.5247314209186424 0.19614782421788055 0.1550064921793146 0.18997135759885206
1.5461647983209164 0.3163405617621244 0.8205161505093932 0.32054796074050457 0.343494352596368 0.18660042974932906 0.29745963217260757 0 0.37810640484787955 0.14465939058946117 0.7793030048989676 0.48624141784787983 0.4601045344324195 3.0004959907448954 0.1747725795010606 0.8000793611429956 0.684254518109777 0.1788978191003129 0.29112935702365783 0.18695918016647853
1.0469508336369115 0.1862663188374069 0.5526340525821859 0.23772347235571045 0.22158118079187825 0.31225525191724984 0.18917111631094727 0.37810640484787955 0 0.36976428599947864 0.4816195989149642 0.27479791515924207 0.25938332892806754 2.1955460676586287 0.28288797817267225 0.5464591766236735 0.47437742207148326 0.2832968833930052 0.18343247551547828 0.2801923919683071
1.5223518473266369 0.31276454600511394 0.8154811277380793 0.3024606420932811 0.3351333412772349 0.20141307167485706 0.2890666463938754 0.14465939058946117 0.36976428599947864 0 0.7740314320792893 0.4745789978762495 0.45454545454545453 3.005203820042827 0.1811912130369963 0.802565691899931 0.6825964918108868 0.1790235141109993 0.29240540199806 0.1871664687545992
0.6101334064961759 0.4729794402180896 0.2156506386845445 0.5181612756136763 0.48590749362513536 0.7185279168885884 0.5447330289382896 0.7793030048989676 0.4816195989149642 0.7740314320792893 0 0.30963995025934044 0.37345729405865485 1.4524080181184935 0.6720434031864485 0.2132410587138044 0.27187515952301905 0.6509723998403694 0.5838090231625209 0.6529548368964988
0.8928161345214515 0.23749037570292333 0.3563414822599973 0.23900237994106596 0.22748575685425174 0.47300493384559605 0.3135656214058367 0.48624141784787983 0.27479791515924207 0.4745789978762495 0.30963995025934044 0 0.15963111746746575 1.845679151838567 0.41274981267398275 0.33503071338646784 0.2812957875460909 0.3851556263179747 0.3567057662970869 0.37572070419947823
0.9721448603770985 0.2201275397103441 0.414035015112301 0.2575274646647892 0.2289616215888547 0.44095682795919966 0.2861958546420646 0.4601045344324195 0.25938332892806754 0.45454545454545453 0.37345729405865485 0.15963111746746575 0 2.0088260829163285 0.3800035588429183 0.4094087803573969 0.3442606336040288 0.35959701535715877 0.3277032225075128 0.35360185528559596
0.7351470441147051 2.2686523285030145 1.3708615406511204 2.364763257317293 2.3266642079667754 2.830791939053011 2.418458723688976 3.0004959907448954 2.1955460676586287 3.005203820042827 1.4524080181184935 1.845679151838567 2.0088260829163285 0 2.717368379349938 1.441610467754983 1.571704814555324 2.7126158747085682 2.399793189618884 2.665188299724014
1.3551413947051776 0.2475972782568049 0.7219979167113553 0.2679129919126274 0.29578497067107296 0.1590314099913506 0.2043874698868436 0.1747725795010606 0.28288797817267225 0.1811912130369963 0.6720434031864485 0.41274981267398275 0.3800035588429183 2.717368379349938 0 0.7098275979808187 0.6179254590533803 0.13564114451215234 0.20166419909805747 0.14156218955433508
0.6387396813549321 0.5157666147286203 0.1797866299901979 0.5315631096354259 0.5092710936385382 0.7763994935966282 0.5865983053948706 0.8000793611429956 0.5464591766236735 0.802565691899931 0.2132410587138044 0.33503071338646784 0.4094087803573969 1.441610467754983 0.7098275979808187 0 0.22712136454925733 0.6848300870011593 0.6441288386528845 0.6787219659838665
0.749911405114569 0.44740222751865055 0.2229322659031727 0.41890585364181226 0.42359248536981364 0.6782812302223923 0.5247314209186424 0.684254518109777 0.47437742207148326 0.6825964918108868 0.27187515952301905 0.2812957875460909 0.3442606336040288 1.571704814555324 0.6179254590533803 0.22712136454925733 0 0.5876400413147034 0.5640418077401792 0.574292729845568
1.3437972889058716 0.22018441286455762 0.696765910704552 0.26027727147397184 0.27981167531647216 0.16993308219910921 0.19614782421788055 0.1788978191003129 0.2832968833930052 0.1790235141109993 0.6509723998403694 0.3851556263179747 0.35959701535715877 2.7126158747085682 0.13564114451215234 0.6848300870011593 0.5876400413147034 0 0.20922631238637657 0.1291136730595359
1.1618950038622249 0.19499878402497936 0.6372463320416484 0.23537150430188827 0.2585933305026829 0.20894178128177077 0.1550064921793146 0.29112935702365783 0.18343247551547828 0.29240540199806 0.5838090231625209 0.3567057662970869 0.3277032225075128 2.399793189618884 0.20166419909805747 0.6441288386528845 0.5640418077401792 0.20922631238637657 0 0.20328018213912477
1.3428419889839966 0.2222616703094937 0.6821544003227199 0.24918984542864378 0.2628756223458869 0.1783977103874001 0.18997135759885206 0.18695918016647853 0.2801923919683071 0.1871664687545992 0.6529548368964988 0.37572070419947823 0.35360185528559596 2.665188299724014 0.14156218955433508 0.6787219659838665 0.574292729845568 0.1291136730595359 0.20328018213912477 0
