0 0.3673059387698328 0.26644019811909164 0.24141007977940185 0.26985407328669264 0.20999912500546872 0.22191945114529707 0.22671679348274892 0.2689835958622522 0.23942668779446322 0.204797959709259 0.3280587541980042 0.19091380032868033 0.2630705823919962 0.28751842444798154 0.21446046413742886 0.25453076383628664 0.20395079136182273 0.27074191792419694 0.2599761442288379
0.3673059387698328 0 0.25361186736102803 0.3139008192728652 0.2644034962320178 0.44231927019470596 0.28431953282651484 0.3172081730748272 0.22014919793573018 0.22939690758802514 0.323077061827032 0.18882422670444501 0.30551901642648605 0.28368488070558384 0.26539736732779196 0.23885763059501275 0.5080218880436157 0.2570187005651367 0.24214624016179223 0.21554546064422767
0.26644019811909164 0.25361186736102803 0 0.31054707503259865 0.33393010951722696 0.3432901123915788 0.1942556233650172 0.19835581473646313 0.29072133077420836 0.24215261853790962 0.3005346113704359 0.2264492565236385 0.22675066395199076 0.19682815192085157 0.17310459919324206 0.22107334354799588 0.38182634812271915 0.2062728204448992 0.14375779957136842 0.26207863538769427
0.24141007977940185 0.3139008192728652 0.31054707503259865 0 0.20749118521460078 0.2592285478196154 0.24788892622271494 0.27907021398170967 0.23678302187517147 0.24066598626625987 0.17040545306174834 0.2591772915565697 0.2302425201731227 0.3188369884416626 0.338192640519475 0.22691635234855095 0.3074941170390259 0.26075383420054826 0.3095085212526718 0.22185444189194045
0.26985407328669264 0.2644034962320178 0.33393010951722696 0.20749118521460078 0 0.3300095745022606 0.2749807240000597 0.32657068508255077 0.16881008334326558 0.21726571125165473 0.24259460026517699 0.24373706565946865 0.2521712947303323 0.3418053005470751 0.3528648731129847 0.22254545974739376 0.39082114634559956 0.26852168977009694 0.3404838308038583 0.19232049513366004
0.20999912500546872 0.44231927019470596 0.3432901123915788 0.2592285478196154 0.3300095745022606 0 0.31668014945441236 0.27114442625768265 0.35404267092003566 0.3216285104878938 0.21376670117594454 0.36780700738899097 0.2698279002234404 0.37105951038583834 0.378438657584208 0.27615793931820587 0.18523243956478133 0.28977887531712476 0.3576132693624719 0.3237706803187802
0.22191945114529707 0.28431953282651484 0.1942556233650172 0.24788892622271494 0.2749807240000597 0.31668014945441236 0 0.23811608053715927 0.24334451295083465 0.20256711147285467 0.2651879999635642 0.25316319311430346 0.16680379700937906 0.20816217524764588 0.2262768420741736 0.18398210523787947 0.35652244829816004 0.1742956618720007 0.20491789085226791 0.22314071755240603
0.22671679348274892 0.3172081730748272 0.19835581473646313 0.27907021398170967 0.32657068508255077 0.27114442625768265 0.23811608053715927 0 0.3190706595290932 0.2644311338207996 0.25590555742497595 0.24314330732479783 0.21667569500871975 0.22232857974911768 0.2123135251363437 0.2281241067954331 0.2915388675275737 0.20709998798867166 0.18953128415827555 0.2686589428330887
0.2689835958622522 0.22014919793573018 0.29072133077420836 0.23678302187517147 0.16881008334326558 0.35404267092003566 0.24334451295083465 0.3190706595290932 0 0.1832813345567285 0.2679032510044142 0.21525364911000916 0.23693568510668656 0.30599413592300784 0.32279828944976313 0.19329238889207376 0.42006768842589665 0.23697469578026892 0.30122510428183125 0.1835607218437901
0.23942668779446322 0.22939690758802514 0.24215261853790962 0.24066598626625987 0.21726571125165473 0.3216285104878938 0.20256711147285467 0.2644311338207996 0.1832813345567285 0 0.24628771839478378 0.21891150058965264 0.1917751973515623 0.23937996921485083 0.26587878690345973 0.14193529225673415 0.3765205325495596 0.18741903587499809 0.24563427718780184 0.17450314106900444
0.204797959709259 0.323077061827032 0.3005346113704359 0.17040545306174834 0.24259460026517699 0.21376670117594454 0.2651879999635642 0.25590555742497595 0.2679032510044142 0.24628771839478378 0 0.25942209247490267 0.22287072823129425 0.3090479546896765 0.32954545454545453 0.22954545454545455 0.2484540011370386 0.2271220593085608 0.30877209424681984 0.2376312925073363
0.3280587541980042 0.18882422670444501 0.2264492565236385 0.2591772915565697 0.24373706565946865 0.36780700738899097 0.25316319311430346 0.24314330732479783 0.21525364911000916 0.21891150058965264 0.25942209247490267 0 0.2799932810772703 0.2685109490871132 0.24734257153926417 0.21666442313129342 0.41416518463442503 0.2311188046314705 0.21835634906169146 0.18392423999334329
0.19091380032868033 0.30551901642648605 0.22675066395199076 0.2302425201731227 0.2521712947303323 0.2698279002234404 0.16680379700937906 0.21667569500871975 0.23693568510668656 0.1917751973515623 0.22287072823129425 0.2799932810772703 0 0.23018843284128046 0.25105991124869115 0.15856415447285757 0.3103679562963224 0.1656287175773546 0.22660086108490818 0.22604042024918028
0.2630705823919962 0.28368488070558384 0.19682815192085157 0.3188369884416626 0.3418053005470751 0.37105951038583834 0.20816217524764588 0.22232857974911768 0.30599413592300784 0.23937996921485083 0.3090479546896765 0.2685109490871132 0.23018843284128046 0 0.1824095797693477 0.22224615466150413 0.386613491243358 0.21384733594484054 0.18641043005066432 0.26749140994972803
0.28751842444798154 0.26539736732779196 0.17310459919324206 0.338192640519475 0.3528648731129847 0.378438657584208 0.2262768420741736 0.2123135251363437 0.32279828944976313 0.26587878690345973 0.32954545454545453 0.24734257153926417 0.25105991124869115 0.1824095797693477 0 0.24173553719008264 0.39730869842286565 0.23201784877819237 0.15686282862806358 0.2873772928570789
0.21446046413742886 0.23885763059501275 0.22107334354799588 0.22691635234855095 0.22254545974739376 0.27615793931820587 0.18398210523787947 0.2281241067954331 0.19329238889207376 0.14193529225673415 0.22954545454545455 0.21666442313129342 0.15856415447285757 0.22224615466150413 0.24173553719008264 0 0.3319976795040384 0.1702883293784898 0.21465439706998174 0.1684625509851842
0.25453076383628664 0.5080218880436157 0.38182634812271915 0.3074941170390259 0.39082114634559956 0.18523243956478133 0.35652244829816004 0.2915388675275737 0.42006768842589665 0.3765205325495596 0.2484540011370386 0.41416518463442503 0.3103679562963224 0.386613491243358 0.39730869842286565 0.3319976795040384 0 0.3448423440044006 0.37515100606668156 0.39155816570452323
0.20395079136182273 0.2570187005651367 0.2062728204448992 0.26075383420054826 0.26852168977009694 0.28977887531712476 0.1742956618720007 0.20709998798867166 0.23697469578026892 0.18741903587499809 0.2271220593085608 0.2311188046314705 0.1656287175773546 0.21384733594484054 0.23201784877819237 0.1702883293784898 0.3448423440044006 0 0.19988240348154473 0.20418541004604632
0.27074191792419694 0.24214624016179223 0.14375779957136842 0.3095085212526718 0.3404838308038583 0.3576132693624719 0.20491789085226791 0.18953128415827555 0.30122510428183125 0.24563427718780184 0.30877209424681984 0.21835634906169146 0.22660086108490818 0.18641043005066432 0.15686282862806358 0.21465439706998174 0.37515100606668156 0.19988240348154473 0 0.26332245751557365
0.2599761442288379 0.21554546064422767 0.26207863538769427 0.22185444189194045 0.19232049513366004 0.3237706803187802 0.22314071755240603 0.2686589428330887 0.1835607218437901 0.17450314106900444 0.2376312925073363 0.18392423999334329 0.22604042024918028 0.26749140994972803 0.2873772928570789 0.1684625509851842 0.39155816570452323 0.20418541004604632 0.26332245751557365 0
