0 0.4702597065544313 0.15645133930901922 0.2968152804667915 0.14127839878165283 0.31950705086620806 0.3806189716244316 0.25247205912223514 0.17114592618596605 0.2594076297783257 0.12363800378438111 0.3298620846306981 0.2609890961033424 0.15682587749169172 0.23573743434908867 0.36574906281800496 0.27788611557834864 0.22468724211397512 0.4000886334510434 0.3397985777847174
0.4702597065544313 0 0.315827493972969 0.24617989203858368 0.33014392910944135 0.2406522049381643 0.12554298095658348 0.27187669216582977 0.32361940743029183 0.23019954480003355 0.49494532170516237 0.16994089438477053 0.2396661590740884 0.3838213589498317 0.46022790569766314 0.7022944641967385 0.3020818634927424 0.46262492603983846 0.09286834987561764 0.1388481208560358
0.15645133930901922 0.315827493972969 0 0.19857037422945797 0.08708002589182239 0.23552220114693265 0.26000170454123117 0.1656564512732388 0.06497589951633531 0.183101621449949 0.183552303762682 0.23567363317000242 0.22325248109220971 0.10439067529032812 0.3061300426271477 0.4305845762532608 0.20443237011144996 0.2416816126003798 0.24746472884776588 0.21431302342528386
0.2968152804667915 0.24617989203858368 0.19857037422945797 0 0.17152780757460376 0.2288047687058388 0.14758172110082426 0.2660073649717243 0.22399926606253173 0.2491394979698717 0.31366350418949274 0.1884891043493921 0.3468228951287665 0.1984355142533179 0.35536168070751173 0.47163512869262625 0.30717131214334936 0.27019235227348 0.21334501823046756 0.1764199842234836
0.14127839878165283 0.33014392910944135 0.08708002589182239 0.17152780757460376 0 0.19780803729425087 0.24311798713624863 0.15601260844367465 0.08238769351043473 0.13485810955272004 0.22414064002365336 0.19830727919663566 0.2474715272231735 0.11397697897513574 0.31433588483524894 0.39328469707011393 0.1833588016023085 0.18147226341004064 0.27352060088871066 0.21088558233089605
0.31950705086620806 0.2406522049381643 0.23552220114693265 0.2288047687058388 0.19780803729425087 0 0.17117086625815886 0.09258164360819925 0.22249326852564721 0.07885355310059194 0.4069584747214072 0.09804175655084651 0.16454517343959554 0.279118435562282 0.23587554889594542 0.4465450584004249 0.11518712630037219 0.28364781196347866 0.17764879499034453 0.20924986001490808
0.3806189716244316 0.12554298095658348 0.26000170454123117 0.14758172110082426 0.24311798713624863 0.17117086625815886 0 0.18463780384598277 0.24911655557223727 0.14529052821772145 0.42552326290247 0.08050505452676536 0.2216418518410233 0.32145631680280556 0.37887784389371393 0.5934773716809562 0.23909923121698293 0.36835345934111074 0.1019372061283498 0.08655214129302456
0.25247205912223514 0.27187669216582977 0.1656564512732388 0.2660073649717243 0.15601260844367465 0.09258164360819925 0.18463780384598277 0 0.15956092512274256 0.07525690715471346 0.3301462898991847 0.1245083396009221 0.14090177506268048 0.22180512909518246 0.2639079238077526 0.464828571597643 0.10922399696376908 0.2699747726309193 0.21196420835314578 0.18438915372669518
0.17114592618596605 0.32361940743029183 0.06497589951633531 0.22399926606253173 0.08238769351043473 0.22249326852564721 0.24911655557223727 0.15956092512274256 0 0.17214137521590936 0.19889806323953874 0.2237588595137282 0.20526320231631418 0.13272533502948755 0.27375945265545737 0.43148253125767067 0.20675553980403166 0.22161479500679884 0.250276918315259 0.24471602227671027
0.2594076297783257 0.23019954480003355 0.183101621449949 0.2491394979698717 0.13485810955272004 0.07885355310059194 0.14529052821772145 0.07525690715471346 0.17214137521590936 0 0.3419535559578734 0.10213147899774865 0.1475608130513894 0.22304657029524833 0.276682800835685 0.48141849461699926 0.11732556215837767 0.246931962036149 0.17083831898024102 0.15743968147949097
0.12363800378438111 0.49494532170516237 0.183552303762682 0.31366350418949274 0.22414064002365336 0.4069584747214072 0.42552326290247 0.3301462898991847 0.19889806323953874 0.3419535559578734 0 0.3978861969266213 0.30960060491254204 0.11899464536143539 0.32897010893206535 0.3893732360790164 0.3727954676464994 0.2533447965338894 0.4002548462736058 0.3650515715589112
0.3298620846306981 0.16994089438477053 0.23567363317000242 0.1884891043493921 0.19830727919663566 0.09804175655084651 0.08050505452676536 0.1245083396009221 0.2237588595137282 0.10213147899774865 0.3978861969266213 0 0.17473164149621673 0.29016167798255327 0.321816482665098 0.5271468519390577 0.17600200352873235 0.30794508255022307 0.128597663976041 0.11903777836820173
0.2609890961033424 0.2396661590740884 0.22325248109220971 0.3468228951287665 0.2474715272231735 0.16454517343959554 0.2216418518410233 0.14090177506268048 0.20526320231631418 0.1475608130513894 0.30960060491254204 0.17473164149621673 0 0.3033949403491491 0.2955972361228374 0.5812241275935847 0.1957082777994956 0.38339839536724457 0.1842588557159988 0.19464587826368362
0.15682587749169172 0.3838213589498317 0.10439067529032812 0.1984355142533179 0.11397697897513574 0.279118435562282 0.32145631680280556 0.22180512909518246 0.13272533502948755 0.22304657029524833 0.11899464536143539 0.29016167798255327 0.3033949403491491 0 0.34063889129235675 0.34165964032143725 0.24188474843801572 0.20300701602271765 0.29518120638322176 0.2657455858125811
0.23573743434908867 0.46022790569766314 0.3061300426271477 0.35536168070751173 0.31433588483524894 0.23587554889594542 0.37887784389371393 0.2639079238077526 0.27375945265545737 0.276682800835685 0.32897010893206535 0.321816482665098 0.2955972361228374 0.34063889129235675 0 0.3326750299339066 0.20078157966468618 0.26394052044609667 0.3806426231682218 0.4147205790897181
0.36574906281800496 0.7022944641967385 0.4305845762532608 0.47163512869262625 0.39328469707011393 0.4465450584004249 0.5934773716809562 0.464828571597643 0.43148253125767067 0.48141849461699926 0.3893732360790164 0.5271468519390577 0.5812241275935847 0.34165964032143725 0.3326750299339066 0 0.42194582815089704 0.2643171470707751 0.6085028767466645 0.5931328811447516
0.27788611557834864 0.3020818634927424 0.20443237011144996 0.30717131214334936 0.1833588016023085 0.11518712630037219 0.23909923121698293 0.10922399696376908 0.20675553980403166 0.11732556215837767 0.3727954676464994 0.17600200352873235 0.1957082777994956 0.24188474843801572 0.20078157966468618 0.42194582815089704 0 0.24221269927803413 0.2425403414719132 0.25981931686643694
0.22468724211397512 0.46262492603983846 0.2416816126003798 0.27019235227348 0.18147226341004064 0.28364781196347866 0.36835345934111074 0.2699747726309193 0.22161479500679884 0.246931962036149 0.2533447965338894 0.30794508255022307 0.38339839536724457 0.20300701602271765 0.26394052044609667 0.2643171470707751 0.24221269927803413 0 0.39864599048023225 0.3535758783264904
0.4000886334510434 0.09286834987561764 0.24746472884776588 0.21334501823046756 0.27352060088871066 0.17764879499034453 0.1019372061283498 0.21196420835314578 0.250276918315259 0.17083831898024102 0.4002548462736058 0.128597663976041 0.1842588557159988 0.29518120638322176 0.3806426231682218 0.6085028767466645 0.2425403414719132 0.39864599048023225 0 0.09012287759673822
0.3397985777847174 0.1388481208560358 0.21431302342528386 0.1764199842234836 0.21088558233089605 0.20924986001490808 0.08655214129302456 0.18438915372669518 0.24471602227671027 0.15743968147949097 0.3650515715589112 0.11903777836820173 0.19464587826368362 0.2657455858125811 0.4147205790897181 0.5931328811447516 0.25981931686643694 0.3535758783264904 0.09012287759673822 0
