0 0.07487325589113289 0.26504440762199816 0.09018488817072784 0.2430572111115856 0.15258377663159323 0.2536912843094019 0.12441815044835987 0.09567297464698797 0.15332991201818594 0.13257860557433096 0.12297974198582044 0.06842998274659792 0.2886309642732943 0.2912381982315537 0.026144349280800103 0.18592842168541804 0.15485562036262918 0.3398072407464233 0.07421560439929402
0.07487325589113289 0 0.22998945338818594 0.14929022601411732 0.2782220958851519 0.18709931433708357 0.24497397289799594 0.1029796353771106 0.16703623039858306 0.18213878615111623 0.16698646229171973 0.10178907934921709 0.09010718095497178 0.2714737592572808 0.32685408695247764 0.06086084485477344 0.22065262297468435 0.17208334043810875 0.3040594494341147 0.1471700509985211
0.26504440762199816 0.22998945338818594 0 0.3594188770528465 0.5242105950545827 0.425964227597924 0.03296902366978935 0.33954987505086615 0.3652310498941229 0.4206670706315453 0.4045199174779453 0.3356243110397689 0.3233808333817773 0.045466289298031565 0.5773502691896257 0.2718118354334003 0.461934885437156 0.4099457958749615 0.07161148740394328 0.3295325951497816
0.09018488817072784 0.14929022601411732 0.3594188770528465 0 0.15123305692071376 0.08263245931822254 0.34776262560104226 0.10801733203835945 0.016393687387049032 0.09341609898779205 0.05267829510341783 0.08991034508239677 0.05685122738861024 0.38366865336345707 0.19848838605228117 0.08959735821504544 0.09495253559533845 0.09434563530497264 0.4364357804719848 0.03956381136779333
0.2430572111115856 0.2782220958851519 0.5242105950545827 0.15123305692071376 0 0.0888441490269523 0.511834148752225 0.18581962631710722 0.15510917032523247 0.09374252720097653 0.10874544956540737 0.17400443716972247 0.18581962631710722 0.5500133207964215 0.05044218802780287 0.23633602008855897 0.05588103719341893 0.10369200798675471 0.606407314553894 0.18473612071708875
0.15258377663159323 0.18709931433708357 0.425964227597924 0.08263245931822254 0.0888441490269523 0 0.41404479725332305 0.11221766399251071 0.09245491069036861 0.014634320456960323 0.02970879555111533 0.09507454830563535 0.09618656913643775 0.45078391868073614 0.13568582701727583 0.14597530030481035 0.037578984192720696 0.029559878344928795 0.5048926662481518 0.1221884068704476
0.2536912843094019 0.24497397289799594 0.03296902366978935 0.34776262560104226 0.511834148752225 0.41404479725332305 0 0.3518311615539607 0.3535533905932738 0.4087700137316487 0.3926895649523752 0.3477636125802735 0.3118503477410106 0.03372703128099659 0.5646953491566035 0.2604398399251055 0.44985724569242663 0.39809328161822227 0.08263362881372999 0.31798150037444667
0.12441815044835987 0.1029796353771106 0.33954987505086615 0.10801733203835945 0.18581962631710722 0.11221766399251071 0.3518311615539607 0 0.12439110008377267 0.09665692191267637 0.11446223952935251 0.017443039726161208 0.052941176470588235 0.38043822380783837 0.2333800140046683 0.09888608009866894 0.14995543009855555 0.08134892168199606 0.4168400845751249 0.10526495786494747
0.09567297464698797 0.16703623039858306 0.3652310498941229 0.016393687387049032 0.15510917032523247 0.09245491069036861 0.3535533905932738 0.12439110008377267 0 0.09806851650807091 0.06286946134619315 0.10618668557735028 0.07350383186768385 0.3895273379586972 0.2063797291222968 0.10693090271739543 0.09940534656094302 0.09904434667711051 0.4424046231823928 0.03372703128099659
0.15332991201818594 0.18213878615111623 0.4206670706315453 0.09341609898779205 0.09374252720097653 0.014634320456960323 0.4087700137316487 0.09665692191267637 0.09806851650807091 0 0.03980542893510214 0.07961621941231024 0.09128709291752768 0.44543844993073795 0.14061024795535124 0.14104723097214492 0.05192377520339357 0.014852213144650114 0.4994340688622188 0.12812442652769462
0.13257860557433096 0.16698646229171973 0.4045199174779453 0.05267829510341783 0.10874544956540737 0.02970879555111533 0.3926895649523752 0.11446223952935251 0.06286946134619315 0.03980542893510214 0 0.09697622757528539 0.07630815968623501 0.429147123880256 0.1556997888323046 0.12598815766974242 0.05270462766947299 0.04020151261036848 0.4828045495852676 0.09211961257466698
0.12297974198582044 0.10178907934921709 0.3356243110397689 0.08991034508239677 0.17400443716972247 0.09507454830563535 0.3477636125802735 0.017443039726161208 0.10618668557735028 0.07961621941231024 0.09697622757528539 0 0.052329119178483624 0.3760399462363856 0.22145461294330657 0.09774284999977502 0.13288849514578288 0.06968731476445666 0.4120209620996838 0.09826753764506828
0.06842998274659792 0.09010718095497178 0.3233808333817773 0.05685122738861024 0.18581962631710722 0.09618656913643775 0.3118503477410106 0.052941176470588235 0.07350383186768385 0.09128709291752768 0.07630815968623501 0.052329119178483624 0 0.3473566391288959 0.2333800140046683 0.04944304004933447 0.12927192249875477 0.09219544457292887 0.399471747717828 0.052632478932473734
0.2886309642732943 0.2714737592572808 0.045466289298031565 0.38366865336345707 0.5500133207964215 0.45078391868073614 0.03372703128099659 0.38043822380783837 0.3895273379586972 0.44543844993073795 0.429147123880256 0.3760399462363856 0.3473566391288959 0 0.6037494104012543 0.29544002473436254 0.4870956337806806 0.4346209254479233 0.04883862905055043 0.35355339059327373
0.2912381982315537 0.32685408695247764 0.5773502691896257 0.19848838605228117 0.05044218802780287 0.13568582701727583 0.5646953491566035 0.2333800140046683 0.2063797291222968 0.14061024795535124 0.1556997888323046 0.22145461294330657 0.2333800140046683 0.6037494104012543 0 0.28443677839597487 0.10667929218208837 0.15061601901917732 0.6615185844757785 0.2366595697156244
0.026144349280800103 0.06086084485477344 0.2718118354334003 0.08959735821504544 0.23633602008855897 0.14597530030481035 0.2604398399251055 0.09888608009866894 0.10693090271739543 0.14104723097214492 0.12598815766974242 0.09774284999977502 0.04944304004933447 0.29544002473436254 0.28443677839597487 0 0.17928429140015906 0.13675269175156554 0.34671763758586066 0.08602079496853669
0.18592842168541804 0.22065262297468435 0.461934885437156 0.09495253559533845 0.05588103719341893 0.037578984192720696 0.44985724569242663 0.14995543009855555 0.09940534656094302 0.05192377520339357 0.05270462766947299 0.13288849514578288 0.12927192249875477 0.4870956337806806 0.10667929218208837 0.17928429140015906 0 0.06674238124719147 0.5420005246903076 0.1285181439301039
0.15485562036262918 0.17208334043810875 0.4099457958749615 0.09434563530497264 0.10369200798675471 0.029559878344928795 0.39809328161822227 0.08134892168199606 0.09904434667711051 0.014852213144650114 0.04020151261036848 0.06968731476445666 0.09219544457292887 0.4346209254479233 0.15061601901917732 0.13675269175156554 0.06674238124719147 0 0.48839086910551577 0.12939932784412608
0.3398072407464233 0.3040594494341147 0.07161148740394328 0.4364357804719848 0.606407314553894 0.5048926662481518 0.08263362881372999 0.4168400845751249 0.4424046231823928 0.4994340688622188 0.4828045495852676 0.4120209620996838 0.399471747717828 0.04883862905055043 0.6615185844757785 0.34671763758586066 0.5420005246903076 0.48839086910551577 0 0.40577597797960774
0.07421560439929402 0.1471700509985211 0.3295325951497816 0.03956381136779333 0.18473612071708875 0.1221884068704476 0.31798150037444667 0.10526495786494747 0.03372703128099659 0.12812442652769462 0.09211961257466698 0.09826753764506828 0.052632478932473734 0.35355339059327373 0.2366595697156244 0.08602079496853669 0.1285181439301039 0.12939932784412608 0.40577597797960774 0
