0 0.2531815221318348 0.1636302168616254 0.2263416387198403 0.21337811262789563 0.18481419414581163 0.16319217900633956 0.11462220650444419 0.18471264477782773 0.22627724976662456 0.21694027878693967 0.2716409578117606 0.35339118381574447 0.20189009616864956 0.23587025917692744 0.16405244948477254 0.17375009444451353 0.13075124249246678 0.1688801323682996 0.1901859141892648
0.2531815221318348 0 0.20265563828307956 0.09338677433213824 0.09452514553888194 0.19070551594179813 0.19141148719227832 0.2276971477474059 0.24345639396372684 0.17317694093223976 0.11767132311527237 0.10225264249006968 0.15003535184907502 0.17081968516125293 0.13146432808780142 0.17702687495594285 0.1406186085886537 0.2476164134896379 0.1841346605417661 0.1368181056538252
0.1636302168616254 0.20265563828307956 0 0.21604526666650165 0.15411650669570606 0.17779297661416257 0.15351098672804328 0.18357809248230633 0.15169855670796506 0.17332365116526494 0.16477610704568185 0.19330002493463982 0.27216945373342727 0.21060016639160214 0.14442970747104034 0.13227447653909016 0.16763906402924272 0.20125426150240464 0.14354272032581641 0.1045022736805669
0.2263416387198403 0.09338677433213824 0.21604526666650165 0 0.10065976455232234 0.1687189618319872 0.16880472087216605 0.19241635389975711 0.23432479767232137 0.13472025186045142 0.12066707239733201 0.13281741439502895 0.16827895500978127 0.1389924112580265 0.15143179059942155 0.1696945779650161 0.10522597917096009 0.2061746717497877 0.16935624006223848 0.14614719329300013
0.21337811262789563 0.09452514553888194 0.15411650669570606 0.10065976455232234 0 0.16689435733195315 0.16688888109831185 0.19476188128896804 0.19284825151711266 0.17355223728317376 0.1143831936807908 0.11144073263854924 0.17681902248175205 0.15032278447893954 0.10280822825020812 0.1398071990063907 0.11637058231996791 0.23065505956392307 0.15171714295599156 0.09072960655455126
0.18481419414581163 0.19070551594179813 0.17779297661416257 0.1687189618319872 0.16689435733195315 0 0.09604285171493353 0.16205615205645252 0.24622904482406224 0.2720069320149882 0.23728825352870228 0.212867001561818 0.2102287482132291 0.10307482937379865 0.19033534855664525 0.096549143318477 0.12780587477117902 0.17623305145950094 0.107408554532307 0.18866581513840713
0.16319217900633956 0.19141148719227832 0.15351098672804328 0.16880472087216605 0.16688888109831185 0.09604285171493353 0 0.15899630495678643 0.23107642190735572 0.25236719824297843 0.23476428806288685 0.21606547904649945 0.2391412580123047 0.1217602261153355 0.19092416769982382 0.08622621805501574 0.12046008795974485 0.1804231561516201 0.10166325183802856 0.17653633580307435
0.11462220650444419 0.2276971477474059 0.18357809248230633 0.19241635389975711 0.19476188128896804 0.16205615205645252 0.15899630495678643 0 0.174821639830317 0.21806308241609765 0.21810808506955018 0.2728631409249824 0.32360912424500876 0.17211184418844752 0.23847765598602175 0.1436193669890818 0.141831504342482 0.08152925779220196 0.18739051589654895 0.18758360251747622
0.18471264477782773 0.24345639396372684 0.15169855670796506 0.23432479767232137 0.19284825151711266 0.24622904482406224 0.23107642190735572 0.174821639830317 0 0.16262902407656676 0.17309962280626334 0.2535336229273567 0.3411362263358181 0.235470155700721 0.1998383799134184 0.1970984021417979 0.17842439946101557 0.19097553214729598 0.2361111111111111 0.14366639956601254
0.22627724976662456 0.17317694093223976 0.17332365116526494 0.13472025186045142 0.17355223728317376 0.2720069320149882 0.25236719824297843 0.21806308241609765 0.16262902407656676 0 0.11463857172539117 0.191763259868733 0.26645295840995886 0.23002948500556253 0.19240654405905425 0.23620117322207929 0.18790452932954346 0.20927615102802696 0.2610694781195964 0.1490277301579138
0.21694027878693967 0.11767132311527237 0.16477610704568185 0.12066707239733201 0.1143831936807908 0.23728825352870228 0.23476428806288685 0.21810808506955018 0.17309962280626334 0.11463857172539117 0 0.13086453965756775 0.20668561371637026 0.20792446100707654 0.10755715063261015 0.20111462186546278 0.16213144714307817 0.23700039061565958 0.2287749400831317 0.10335879755371234
0.2716409578117606 0.10225264249006968 0.19330002493463982 0.13281741439502895 0.11144073263854924 0.212867001561818 0.21606547904649945 0.2728631409249824 0.2535336229273567 0.191763259868733 0.13086453965756775 0 0.11710420532020957 0.20416812070414728 0.10865160685651036 0.1966074962683401 0.17566857562511448 0.28420522083607624 0.19396014868759526 0.13498743179614062
0.35339118381574447 0.15003535184907502 0.27216945373342727 0.16827895500978127 0.17681902248175205 0.2102287482132291 0.2391412580123047 0.32360912424500876 0.3411362263358181 0.26645295840995886 0.20668561371637026 0.11710420532020957 0 0.21043224426920162 0.18481677285039652 0.2318161134344781 0.22553876283331342 0.3305141765467658 0.22191853829915414 0.21536408180323915
0.20189009616864956 0.17081968516125293 0.21060016639160214 0.1389924112580265 0.15032278447893954 0.10307482937379865 0.1217602261153355 0.17211184418844752 0.235470155700721 0.23002948500556253 0.20792446100707654 0.20416812070414728 0.21043224426920162 0 0.16610798751733874 0.1285221916819176 0.11281979378186646 0.16379574861464702 0.14892984206712268 0.16520041232344732
0.23587025917692744 0.13146432808780142 0.14442970747104034 0.15143179059942155 0.10280822825020812 0.19033534855664525 0.19092416769982382 0.23847765598602175 0.1998383799134184 0.19240654405905425 0.10755715063261015 0.10865160685651036 0.18481677285039652 0.16610798751733874 0 0.17016529891910676 0.16413890689295377 0.2459196232833958 0.17763411547859415 0.10356383411103035
0.16405244948477254 0.17702687495594285 0.13227447653909016 0.1696945779650161 0.1398071990063907 0.096549143318477 0.08622621805501574 0.1436193669890818 0.1970984021417979 0.23620117322207929 0.20111462186546278 0.1966074962683401 0.2318161134344781 0.1285221916819176 0.17016529891910676 0 0.11274370956534657 0.1627717718244826 0.08342789508647531 0.15032494608712876
0.17375009444451353 0.1406186085886537 0.16763906402924272 0.10522597917096009 0.11637058231996791 0.12780587477117902 0.12046008795974485 0.141831504342482 0.17842439946101557 0.18790452932954346 0.16213144714307817 0.17566857562511448 0.22553876283331342 0.11281979378186646 0.16413890689295377 0.11274370956534657 0 0.17911640114274985 0.12152426629956617 0.12783505154639174
0.13075124249246678 0.2476164134896379 0.20125426150240464 0.2061746717497877 0.23065505956392307 0.17623305145950094 0.1804231561516201 0.08152925779220196 0.19097553214729598 0.20927615102802696 0.23700039061565958 0.28420522083607624 0.3305141765467658 0.16379574861464702 0.2459196232833958 0.1627717718244826 0.17911640114274985 0 0.20646003475383348 0.21356186290097096
0.1688801323682996 0.1841346605417661 0.14354272032581641 0.16935624006223848 0.15171714295599156 0.107408554532307 0.10166325183802856 0.18739051589654895 0.2361111111111111 0.2610694781195964 0.2287749400831317 0.19396014868759526 0.22191853829915414 0.14892984206712268 0.17763411547859415 0.08342789508647531 0.12152426629956617 0.20646003475383348 0 0.16889813282312585
0.1901859141892648 0.1368181056538252 0.1045022736805669 0.14614719329300013 0.09072960655455126 0.18866581513840713 0.17653633580307435 0.18758360251747622 0.14366639956601254 0.1490277301579138 0.10335879755371234 0.13498743179614062 0.21536408180323915 0.16520041232344732 0.10356383411103035 0.15032494608712876 0.12783505154639174 0.21356186290097096 0.16889813282312585 0
