0 0.36265882358747664 0.2563409897335095 0.5706815482421614 0.44852272022822703 0.4893624449558272 0.8154541663467703 0.7585181291563284 0.5753226325532886 0.7289358111972117 0.6022160740257487 0.7542704945738264 0.31230532605697403 0.4530304278320909 0.6394115560419047 0.7185910698001862 0.5316473795385553 0.32259142958372655 0.44771630597323675 0.7198047166376539
0.36265882358747664 0 0.22270234202260014 0.2610435244785725 0.16718681804949312 0.15985972555018893 0.4439731756241862 0.3932676070708744 0.2388119202433399 0.36916244338316684 0.29249903915990894 0.37506221178751903 0.23298361640733933 0.1675680883691604 0.2783110936293658 0.38430129956688885 0.19896995023342198 0.22858768476445002 0.21758559223917012 0.35565331702030295
0.2563409897335095 0.22270234202260014 0 0.39236043612329763 0.33512022493021243 0.319581556883353 0.6418985174546774 0.5865348465389673 0.4022834924476601 0.565133089660481 0.48858688411527784 0.5557250387152267 0.27099510830182866 0.3565089530564266 0.45300850431509887 0.5277954235423694 0.3833115660321149 0.17607470130551128 0.2891158993712578 0.5477195566391996
0.5706815482421614 0.2610435244785725 0.39236043612329763 0 0.16601986182962894 0.1671176089175321 0.2697380390808579 0.22277578006990445 0.17782456581046308 0.20106912597494814 0.13447102289845597 0.21914343587818716 0.29311055707353434 0.18694149199897298 0.16926951746803487 0.16518998644604074 0.149972271004477 0.28404557840673245 0.14547136801096544 0.19094464973839423
0.44852272022822703 0.16718681804949312 0.33512022493021243 0.16601986182962894 0 0.1676597498125955 0.3275046952963325 0.27702048424692977 0.18091822727043755 0.25531971068023496 0.16898908915360314 0.2940614846685501 0.2524911953946192 0.07517103785040385 0.2244591455978884 0.255713555456912 0.11512838683202962 0.2562415503336888 0.13365332601473237 0.24792167287589523
0.4893624449558272 0.15985972555018893 0.319581556883353 0.1671176089175321 0.1676597498125955 0 0.35033466201766983 0.30314708466065365 0.14798628855456755 0.2844798443108462 0.21034594069258974 0.25295967102758454 0.3415525864853447 0.15919777767349713 0.15589253044103904 0.2922204626946349 0.13451475166470614 0.27722347038143125 0.17670415700442263 0.27226607003063813
0.8154541663467703 0.4439731756241862 0.6418985174546774 0.2697380390808579 0.3275046952963325 0.35033466201766983 0 0.09859161024507394 0.2630383796885717 0.10575480822584184 0.19148077248147818 0.13981686681962074 0.5509811281525018 0.3349505829429333 0.21624050153232824 0.1360031432200765 0.26960704866149304 0.545553381426473 0.3998323375912149 0.11442120406408153
0.7585181291563284 0.3932676070708744 0.5865348465389673 0.22277578006990445 0.27702048424692977 0.30314708466065365 0.09859161024507394 0 0.2193673684512362 0.09631856378726535 0.14508833644454466 0.11209866356899971 0.49214751437735216 0.28826314403278946 0.17125729328750863 0.12249512321244478 0.21848795459102516 0.49526898174678763 0.3506491228037025 0.09694109599408726
0.5753226325532886 0.2388119202433399 0.4022834924476601 0.17782456581046308 0.18091822727043755 0.14798628855456755 0.2630383796885717 0.2193673684512362 0 0.20585004316000788 0.11024944766964799 0.16694466046476494 0.37478998448135253 0.17725596242213337 0.11768828181217682 0.20600765214685623 0.12013628624494463 0.37720757076065753 0.26794158558913617 0.19746891989724974
0.7289358111972117 0.36916244338316684 0.565133089660481 0.20106912597494814 0.25531971068023496 0.2844798443108462 0.10575480822584184 0.09631856378726535 0.20585004316000788 0 0.12582832115564757 0.1267686141198656 0.46963378737065414 0.268516854243119 0.180638367312856 0.07747776312413575 0.2125239506208235 0.46879176105015985 0.32815041519414534 0.06728844005643524
0.6022160740257487 0.29249903915990894 0.48858688411527784 0.13447102289845597 0.16898908915360314 0.21034594069258974 0.19148077248147818 0.14508833644454466 0.11024944766964799 0.12582832115564757 0 0.16789609230490768 0.3970978222923026 0.16339654710585153 0.13202808825273812 0.1396078137492678 0.11936061545476016 0.3992701532906126 0.2600362554036258 0.12505856290101774
0.7542704945738264 0.37506221178751903 0.5557250387152267 0.21914343587818716 0.2940614846685501 0.25295967102758454 0.13981686681962074 0.11209866356899971 0.16694466046476494 0.1267686141198656 0.16789609230490768 0 0.4765716657882095 0.2912023675904441 0.12593108732645295 0.16158715305716984 0.21638856465638806 0.4570302485833858 0.30708215174831904 0.14441273802173182
0.31230532605697403 0.23298361640733933 0.27099510830182866 0.29311055707353434 0.2524911953946192 0.3415525864853447 0.5509811281525018 0.49214751437735216 0.37478998448135253 0.46963378737065414 0.3970978222923026 0.4765716657882095 0 0.2611436092159653 0.40707120228533483 0.4222522044613466 0.33764826255490965 0.12934011367215922 0.19881342118344095 0.4555589584175503
0.4530304278320909 0.1675680883691604 0.3565089530564266 0.18694149199897298 0.07517103785040385 0.15919777767349713 0.3349505829429333 0.28826314403278946 0.17725596242213337 0.268516854243119 0.16339654710585153 0.2912023675904441 0.2611436092159653 0 0.22497102572810906 0.26174983293430304 0.11325406844023238 0.2755527996854067 0.1616735967834499 0.2611834785030918
0.6394115560419047 0.2783110936293658 0.45300850431509887 0.16926951746803487 0.2244591455978884 0.15589253044103904 0.21624050153232824 0.17125729328750863 0.11768828181217682 0.180638367312856 0.13202808825273812 0.12593108732645295 0.40707120228533483 0.22497102572810906 0 0.1960967300254156 0.14339953517578996 0.3545152414657185 0.24720332907209183 0.17872442498048144
0.7185910698001862 0.38430129956688885 0.5277954235423694 0.16518998644604074 0.255713555456912 0.2922204626946349 0.1360031432200765 0.12249512321244478 0.20600765214685623 0.07747776312413575 0.1396078137492678 0.16158715305716984 0.4222522044613466 0.26174983293430304 0.1960967300254156 0 0.2109588062750812 0.41959650387452135 0.2813393777807852 0.08953089595303176
0.5316473795385553 0.19896995023342198 0.3833115660321149 0.149972271004477 0.11512838683202962 0.13451475166470614 0.26960704866149304 0.21848795459102516 0.12013628624494463 0.2125239506208235 0.11936061545476016 0.21638856465638806 0.33764826255490965 0.11325406844023238 0.14339953517578996 0.2109588062750812 0 0.30547768236004197 0.19239027701936703 0.2037119512395132
0.32259142958372655 0.22858768476445002 0.17607470130551128 0.28404557840673245 0.2562415503336888 0.27722347038143125 0.545553381426473 0.49526898174678763 0.37720757076065753 0.46879176105015985 0.3992701532906126 0.4570302485833858 0.12934011367215922 0.2755527996854067 0.3545152414657185 0.41959650387452135 0.30547768236004197 0 0.17320592649101546 0.4569444251278347
0.44771630597323675 0.21758559223917012 0.2891158993712578 0.14547136801096544 0.13365332601473237 0.17670415700442263 0.3998323375912149 0.3506491228037025 0.26794158558913617 0.32815041519414534 0.2600362554036258 0.30708215174831904 0.19881342118344095 0.1616735967834499 0.24720332907209183 0.2813393777807852 0.19239027701936703 0.17320592649101546 0 0.3119229299761879
0.7198047166376539 0.35565331702030295 0.5477195566391996 0.19094464973839423 0.24792167287589523 0.27226607003063813 0.11442120406408153 0.09694109599408726 0.19746891989724974 0.06728844005643524 0.12505856290101774 0.14441273802173182 0.4555589584175503 0.2611834785030918 0.17872442498048144 0.08953089595303176 0.2037119512395132 0.4569444251278347 0.3119229299761879 0
