0 0.45204096903432506 0.31693850518989103 0.35007002100700246 0.337284011185945 0.3143993084179573 0.38352277408289237 0.2669406437220349 0.25243908214870064 0.23424444316877405 0.3341747957546276 0.39390689647671673 0.5109324822770026 0.25243908214870064 0.3626842642928017 0.3399786559933741 0.297111520736702 0.41854482268762555 0.37974205497442276 0.3179286827544159
0.45204096903432506 0 0.2917124424466306 0.2685057700023747 0.25776339341813376 0.4515041916438938 0.2479844478083904 0.37747951558044385 0.32289326518664324 0.37447989940335763 0.31957729993729017 0.19260951885239241 0.1836649950521279 0.30470209531697323 0.2757093322808334 0.2265139749112547 0.302022431485108 0.16803996332116836 0.3876684059386861 0.5739939434062059
0.31693850518989103 0.2917124424466306 0 0.2162798377682387 0.20404445592761333 0.30975436732823575 0.2467704798862845 0.2563387095071408 0.22599088242832144 0.26632105839483144 0.21339479988815996 0.3028654335862157 0.3441741470085514 0.22041086063996784 0.192209148774546 0.1996018968238234 0.23433329497483066 0.27789561413623565 0.25181943968524634 0.3677497566125661
0.35007002100700246 0.2685057700023747 0.2162798377682387 0 0.15494494670022804 0.2960782627318961 0.19185534495904916 0.26812060503657786 0.2388292511525292 0.2612970576334078 0.19150808657135662 0.26610007244439693 0.29793719128260177 0.2465334205445463 0.19107174951190053 0.22325822887437902 0.3084887485322836 0.27022776693738404 0.2832944708070643 0.42471425615347164
0.337284011185945 0.25776339341813376 0.20404445592761333 0.15494494670022804 0 0.29471745743257655 0.18786728732554486 0.2610469671863592 0.2265901616202728 0.24587961402832004 0.1743041721945991 0.2677328671547007 0.3002510348516484 0.2448215539345476 0.17225077552896437 0.21699078834178456 0.3026902324350659 0.27406097636749926 0.27164141284080007 0.39835249134795364
0.3143993084179573 0.4515041916438938 0.30975436732823575 0.2960782627318961 0.29471745743257655 0 0.3160141547120815 0.23815404882556448 0.31326242694161094 0.2488421258854569 0.24715986838709383 0.4477071124453397 0.45781288176267176 0.3619245515150651 0.29333729005066117 0.37182323556970975 0.3950502794837109 0.42508368834054416 0.23485653732270084 0.24204253183882465
0.38352277408289237 0.2479844478083904 0.2467704798862845 0.19185534495904916 0.18786728732554486 0.3160141547120815 0 0.2937422574392765 0.2813460393562991 0.3053853108578969 0.21752734542673793 0.2454554477035911 0.2568869644299412 0.2715600901612974 0.1865210925613107 0.23706007464690598 0.336892798080653 0.23581874286390386 0.2821510368222667 0.4624099632615739
0.2669406437220349 0.37747951558044385 0.2563387095071408 0.26812060503657786 0.2610469671863592 0.23815404882556448 0.2937422574392765 0 0.24688607669485607 0.21217081046306713 0.24457096841639342 0.3644807983263863 0.4324608127031364 0.30042763549615015 0.2759604043486587 0.2936139445424731 0.3573166603829152 0.35600728307813684 0.28935506239390346 0.3254931158450632
0.25243908214870064 0.32289326518664324 0.22599088242832144 0.2388292511525292 0.2265901616202728 0.31326242694161094 0.2813460393562991 0.24688607669485607 0 0.22712487040859383 0.23969749850222494 0.2858397303627852 0.38492291896170283 0.15954415954415954 0.26693157453406424 0.23478262263045582 0.22259352109805927 0.32267558387389017 0.3257156151684894 0.37552545278445404
0.23424444316877405 0.37447989940335763 0.26632105839483144 0.2612970576334078 0.24587961402832004 0.2488421258854569 0.3053853108578969 0.21217081046306713 0.22712487040859383 0 0.24571829747434076 0.34652940445968144 0.4388783523791837 0.26298669205205605 0.28823538277137317 0.29228500095358856 0.3443996936278676 0.35767738114153824 0.31468876936795864 0.29357483209419816
0.3341747957546276 0.31957729993729017 0.21339479988815996 0.19150808657135662 0.1743041721945991 0.24715986838709383 0.21752734542673793 0.24457096841639342 0.23969749850222494 0.24571829747434076 0 0.33152205385179007 0.3480111365345565 0.26421201539449796 0.17514016822431405 0.2516011808509799 0.33784243564487837 0.33037858232535855 0.21853029968763227 0.3590271771747557
0.39390689647671673 0.19260951885239241 0.3028654335862157 0.26610007244439693 0.2677328671547007 0.4477071124453397 0.2454554477035911 0.3644807983263863 0.2858397303627852 0.34652940445968144 0.33152205385179007 0 0.23053168528058268 0.26943909009606803 0.2754733721718892 0.23763612350912003 0.2768711993939892 0.18819880922623905 0.40179054994380875 0.562290442254964
0.5109324822770026 0.1836649950521279 0.3441741470085514 0.29793719128260177 0.3002510348516484 0.45781288176267176 0.2568869644299412 0.4324608127031364 0.38492291896170283 0.4388783523791837 0.3480111365345565 0.23053168528058268 0 0.3723710846477343 0.30169109603832817 0.2841704272661615 0.3595822654091005 0.17139976716533717 0.40070998043178646 0.6191181475006483
0.25243908214870064 0.30470209531697323 0.22041086063996784 0.2465334205445463 0.2448215539345476 0.3619245515150651 0.2715600901612974 0.30042763549615015 0.15954415954415954 0.26298669205205605 0.26421201539449796 0.26943909009606803 0.3723710846477343 0 0.2512297172085311 0.23220259381034095 0.20033416898825332 0.29750231137309024 0.31428699709240204 0.4038669963908279
0.3626842642928017 0.2757093322808334 0.192209148774546 0.19107174951190053 0.17225077552896437 0.29333729005066117 0.1865210925613107 0.2759604043486587 0.26693157453406424 0.28823538277137317 0.17514016822431405 0.2754733721718892 0.30169109603832817 0.2512297172085311 0 0.20618197852245354 0.28369547197549344 0.2774775275234789 0.22570390468447163 0.4100255796171249
0.3399786559933741 0.2265139749112547 0.1996018968238234 0.22325822887437902 0.21699078834178456 0.37182323556970975 0.23706007464690598 0.2936139445424731 0.23478262263045582 0.29228500095358856 0.2516011808509799 0.23763612350912003 0.2841704272661615 0.23220259381034095 0.20618197852245354 0 0.23937445991612838 0.23003909185679283 0.31825153970515746 0.4523601084875121
0.297111520736702 0.302022431485108 0.23433329497483066 0.3084887485322836 0.3026902324350659 0.3950502794837109 0.336892798080653 0.3573166603829152 0.22259352109805927 0.3443996936278676 0.33784243564487837 0.2768711993939892 0.3595822654091005 0.20033416898825332 0.28369547197549344 0.23937445991612838 0 0.3017243840001264 0.351587901629973 0.47746577707929844
0.41854482268762555 0.16803996332116836 0.27789561413623565 0.27022776693738404 0.27406097636749926 0.42508368834054416 0.23581874286390386 0.35600728307813684 0.32267558387389017 0.35767738114153824 0.33037858232535855 0.18819880922623905 0.17139976716533717 0.29750231137309024 0.2774775275234789 0.23003909185679283 0.3017243840001264 0 0.3763844604833946 0.5406811421111046
0.37974205497442276 0.3876684059386861 0.25181943968524634 0.2832944708070643 0.27164141284080007 0.23485653732270084 0.2821510368222667 0.28935506239390346 0.3257156151684894 0.31468876936795864 0.21853029968763227 0.40179054994380875 0.40070998043178646 0.31428699709240204 0.22570390468447163 0.31825153970515746 0.351587901629973 0.3763844604833946 0 0.3623886020670978
0.3179286827544159 0.5739939434062059 0.3677497566125661 0.42471425615347164 0.39835249134795364 0.24204253183882465 0.4624099632615739 0.3254931158450632 0.37552545278445404 0.29357483209419816 0.3590271771747557 0.562290442254964 0.6191181475006483 0.4038669963908279 0.4100255796171249 0.4523601084875121 0.47746577707929844 0.5406811421111046 0.3623886020670978 0
