0 0.5920141630322447 0.6671011187601331 0.26916687204956063 0.26761546505252365 0.7415428226384164 0.44123879245188685 0.46760598840011003 0.6480875577554953 0.2081665999466133 0.633128850922232 0.8431934637148036 0.8211733521770384 0.5394109498457441 0.6275175539719876 0.7813516860445434 0.6784323833161543 0.8267263119375029 0.7005606728972562 0.3535533905932738
0.5920141630322447 0 0.08319197049476747 0.3239473112484749 0.3136043704246248 0.15574795582149467 0.21560984046602585 0.1262730449849206 0.08342797655898933 0.392534499545369 0.13458741566390903 0.21477827430392188 0.22366728924242874 0.0457995932266437 0.03031695312954162 0.16100204652790945 0.11134171734789267 0.23306365981829297 0.09699253622487317 1.038790902184621
0.6671011187601331 0.08319197049476747 0 0.38094475563440355 0.3787490903399503 0.08461700796945065 0.22549380840084868 0.21343295863202452 0.022662980454966827 0.46000081879891097 0.1046954086399068 0.16044580118114152 0.15825496900295657 0.13063400257314153 0.06341348062327959 0.1173576314666596 0.044572568370250226 0.16249849616843082 0.08136806936301491 1.1350563378298917
0.26916687204956063 0.3239473112484749 0.38094475563440355 0 0.04624354712709096 0.44763815935764634 0.2548774639353999 0.21050944910701763 0.3738972510383542 0.08716019289105664 0.4172175256670258 0.537084413493875 0.5179259180803271 0.2766534180712167 0.35562703529863154 0.4904510968758757 0.3916617503085291 0.5298269891078262 0.420236644296166 0.6344324016567203
0.26761546505252365 0.3136043704246248 0.3787490903399503 0.04624354712709096 0 0.44505809084000075 0.25340841732529695 0.19026920732298547 0.36366085340732024 0.09903751369442766 0.4065165378007894 0.5339888003125454 0.5149407294234233 0.2661859941228511 0.345354566896498 0.47306831762161833 0.3894043150778351 0.5197495630661312 0.41007720514098955 0.6518015569733291
0.7415428226384164 0.15574795582149467 0.08461700796945065 0.44763815935764634 0.44505809084000075 0 0.2878353592078467 0.28095383759652887 0.07955349065746631 0.5280889014065518 0.13067043035190634 0.09102388347674582 0.08332797548246894 0.20380551492873514 0.13490867076177637 0.07642130172891146 0.06780035590064847 0.09218841547422313 0.0914000021665186 1.2280827973704616
0.44123879245188685 0.21560984046602585 0.22549380840084868 0.2548774639353999 0.25340841732529695 0.2878353592078467 0 0.16133754716656612 0.21242844731615163 0.3149183286488868 0.19697318646323483 0.36458605541723055 0.3469199846151509 0.1805685575132439 0.2370619056437327 0.32090818301555263 0.22911342514979488 0.35733915386204634 0.28211433608129444 0.855779498784803
0.46760598840011003 0.1262730449849206 0.21343295863202452 0.21050944910701763 0.19026920732298547 0.28095383759652887 0.16133754716656612 0 0.21403844341910674 0.2766503805724224 0.27466283301063416 0.3443899262598444 0.35030263164234976 0.0881257766978902 0.14972570257655368 0.2770933506781088 0.2433683903086055 0.36623574400728676 0.21773409582088799 0.887527138493629
0.6480875577554953 0.08342797655898933 0.022662980454966827 0.3738972510383542 0.36366085340732024 0.07955349065746631 0.21242844731615163 0.21403844341910674 0 0.4438980226870295 0.08166076915740766 0.15602518059544185 0.14382542765554043 0.13100459623281177 0.06359337738364604 0.11257358064798256 0.027936884766729637 0.15308315326736688 0.08159890122923336 1.10871074247953
0.2081665999466133 0.392534499545369 0.46000081879891097 0.08716019289105664 0.09903751369442766 0.5280889014065518 0.3149183286488868 0.2766503805724224 0.4438980226870295 0 0.4914437567696473 0.619938360187815 0.6001923693540931 0.34402930744859755 0.4250951450592457 0.5643804972021268 0.4707565417620042 0.6127402743225094 0.49166666666666664 0.5661385170722979
0.633128850922232 0.13458741566390903 0.1046954086399068 0.4172175256670258 0.4065165378007894 0.13067043035190634 0.19697318646323483 0.27466283301063416 0.08166076915740766 0.4914437567696473 0 0.1852015162830828 0.17310702453132815 0.17931778591511993 0.11869906538207609 0.18910995804036448 0.09177535077318615 0.18250144384067774 0.16195305620817924 1.0774904736775914
0.8431934637148036 0.21477827430392188 0.16044580118114152 0.537084413493875 0.5339888003125454 0.09102388347674582 0.36458605541723055 0.3443899262598444 0.15602518059544185 0.619938360187815 0.1852015162830828 0 0.04681529288318715 0.26231353592107 0.19348227972367046 0.08343048794166584 0.14384229720310032 0.04661393585151509 0.1493827373946542 1.357369708868201
0.8211733521770384 0.22366728924242874 0.15825496900295657 0.5179259180803271 0.5149407294234233 0.08332797548246894 0.3469199846151509 0.35030263164234976 0.14382542765554043 0.6001923693540931 0.17310702453132815 0.04681529288318715 0 0.26681710161066075 0.1968041066109018 0.08932934278296034 0.12680362351408495 0.03879346382323881 0.15669579263200217 1.329059918288211
0.5394109498457441 0.0457995932266437 0.13063400257314153 0.2766534180712167 0.2661859941228511 0.20380551492873514 0.1805685575132439 0.0881257766978902 0.13100459623281177 0.34402930744859755 0.17931778591511993 0.26231353592107 0.26681710161066075 0 0.07616936893463198 0.20787172942210314 0.15336557484780217 0.2819349751927444 0.14334554477024897 0.9738412097417932
0.6275175539719876 0.03031695312954162 0.06341348062327959 0.35562703529863154 0.345354566896498 0.13490867076177637 0.2370619056437327 0.14972570257655368 0.06359337738364604 0.4250951450592457 0.11869906538207609 0.19348227972367046 0.1968041066109018 0.07616936893463198 0 0.13016243995591759 0.09096196382177639 0.21103129752053054 0.06642111641550714 1.0829823076731364
0.7813516860445434 0.16100204652790945 0.1173576314666596 0.4904510968758757 0.47306831762161833 0.07642130172891146 0.32090818301555263 0.2770933506781088 0.11257358064798256 0.5643804972021268 0.18910995804036448 0.08343048794166584 0.08932934278296034 0.20787172942210314 0.13016243995591759 0 0.1157343495325427 0.09783964165269957 0.08328531642739719 1.2780701510021528
0.6784323833161543 0.11134171734789267 0.044572568370250226 0.3916617503085291 0.3894043150778351 0.06780035590064847 0.22911342514979488 0.2433683903086055 0.027936884766729637 0.4707565417620042 0.09177535077318615 0.14384229720310032 0.12680362351408495 0.15336557484780217 0.09096196382177639 0.1157343495325427 0 0.13597040052313564 0.08559209850218258 1.1484305141434212
0.8267263119375029 0.23306365981829297 0.16249849616843082 0.5298269891078262 0.5197495630661312 0.09218841547422313 0.35733915386204634 0.36623574400728676 0.15308315326736688 0.6127402743225094 0.18250144384067774 0.04661393585151509 0.03879346382323881 0.2819349751927444 0.21103129752053054 0.09783964165269957 0.13597040052313564 0 0.16547769754080113 1.3361915002430933
0.7005606728972562 0.09699253622487317 0.08136806936301491 0.420236644296166 0.41007720514098955 0.0914000021665186 0.28211433608129444 0.21773409582088799 0.08159890122923336 0.49166666666666664 0.16195305620817924 0.1493827373946542 0.15669579263200217 0.14334554477024897 0.06642111641550714 0.08328531642739719 0.08559209850218258 0.16547769754080113 0 1.174737422925018
0.3535533905932738 1.038790902184621 1.1350563378298917 0.6344324016567203 0.6518015569733291 1.2280827973704616 0.855779498784803 0.887527138493629 1.10871074247953 0.5661385170722979 1.0774904736775914 1.357369708868201 1.329059918288211 0.9738412097417932 1.0829823076731364 1.2780701510021528 1.1484305141434212 1.3361915002430933 1.174737422925018 0
