0 0.1594693186044229 0.16389986500746018 0.3139679377081222 0.3119462251057881 0.15582862608135184 0.26748445913582625 0.27007187500394236 0.17843492344618828 0.27250612690776793 0.2944884226829504 0.2519717807407471 0.16832798739991953 0.15023786931159866 0.23553466513874793 0.2790300339780486 0.308642590193252 0.20578933551078063 0.2125383118027584 0.11295743401146623
0.1594693186044229 0 0.14388962906378164 0.33673777688801243 0.32341712919352666 0.16345388253930135 0.2762679632873504 0.29309066971294545 0.2005121647310412 0.29668216085320653 0.28472411395563435 0.25882958413440377 0.20136663876310557 0.1695800591157585 0.2540423622449782 0.30149386515257265 0.3149183286488868 0.2064741604835056 0.23101606232604602 0.13333333333333333
0.16389986500746018 0.14388962906378164 0 0.3628398384253004 0.34312531430436644 0.1241703152079053 0.2514928443976168 0.30123362676465043 0.1692824701878276 0.31688273977247644 0.3091988463591708 0.2845802443827712 0.2069612211245984 0.1872019953123383 0.2611004376422626 0.32093708475318244 0.3344566491273587 0.19649133838113322 0.24961051944151633 0.13703774196550633
0.3139679377081222 0.33673777688801243 0.3628398384253004 0 0.19123846627780594 0.36475341299683534 0.48229766016408565 0.21625132195053043 0.37921670550558984 0.18009276418147713 0.1881950716010042 0.1912500141457116 0.26459841679175194 0.24560865424162684 0.2117784538504015 0.20614828225023132 0.20097218551831397 0.44233540634484236 0.19303184926326364 0.309581504558334
0.3119462251057881 0.32341712919352666 0.34312531430436644 0.19123846627780594 0 0.367006645104718 0.49410022990527647 0.17740774175307636 0.38662895212956283 0.2457975810383355 0.14712247158412492 0.24962260778554793 0.2947924848854255 0.25063619088459177 0.24038292634221303 0.16429246542974252 0.1724878723728207 0.4607392991208651 0.22247509183647435 0.3025515079552346
0.15582862608135184 0.16345388253930135 0.1241703152079053 0.36475341299683534 0.367006645104718 0 0.21877338852188338 0.330120743531788 0.12977477351739758 0.3100629863913435 0.33787733193249103 0.2759132637573981 0.20080868345129851 0.17407765595569785 0.26451215951658547 0.3386110512155061 0.36367940516621033 0.15488672954743085 0.2462639498878268 0.12081373926817926
0.26748445913582625 0.2762679632873504 0.2514928443976168 0.48229766016408565 0.49410022990527647 0.21877338852188338 0 0.4517820326869283 0.22892867737403974 0.42703816235307046 0.45796745631387636 0.38485130138426676 0.32301958741027437 0.3123302503070606 0.37773322568081863 0.47808537284693303 0.4847245664356703 0.19014065262747876 0.37171251234620417 0.2525878521484347
0.27007187500394236 0.29309066971294545 0.30123362676465043 0.21625132195053043 0.17740774175307636 0.330120743531788 0.4517820326869283 0 0.33859062784942306 0.23162203742424 0.1559673910730081 0.24465771862340735 0.29096246646663376 0.2031856384435789 0.21562928660225525 0.16970374712125955 0.16108896615083002 0.4123183698474186 0.18671471640205792 0.2599105938963856
0.17843492344618828 0.2005121647310412 0.1692824701878276 0.37921670550558984 0.38662895212956283 0.12977477351739758 0.22892867737403974 0.33859062784942306 0 0.32493654202809763 0.357778322436293 0.2909590875629278 0.20932496877133355 0.1956514043069527 0.2728852713596138 0.34698895917974415 0.3890180312116084 0.17250242033155047 0.2545139051903111 0.14322297480788657
0.27250612690776793 0.29668216085320653 0.31688273977247644 0.18009276418147713 0.2457975810383355 0.3100629863913435 0.42703816235307046 0.23162203742424 0.32493654202809763 0 0.23907329823218554 0.1680768707277302 0.20972010549748132 0.20826060765696663 0.19074445747102925 0.2536861331650383 0.24731642709484938 0.3803551639736488 0.1705705407668765 0.255961079951786
0.2944884226829504 0.28472411395563435 0.3091988463591708 0.1881950716010042 0.14712247158412492 0.33787733193249103 0.45796745631387636 0.1559673910730081 0.357778322436293 0.23907329823218554 0 0.22312227540868657 0.27218789705172636 0.22269134290946027 0.2142347120918976 0.1475057700320052 0.1353431578761412 0.4190351910997035 0.2004778979334346 0.26860765467512676
0.2519717807407471 0.25882958413440377 0.2845802443827712 0.1912500141457116 0.24962260778554793 0.2759132637573981 0.38485130138426676 0.24465771862340735 0.2909590875629278 0.1680768707277302 0.22312227540868657 0 0.19940748776064995 0.18713786742736946 0.18669919664956391 0.23818984977715152 0.24168716174797303 0.3521347126246435 0.14975189244419534 0.23475241351724996
0.16832798739991953 0.20136663876310557 0.2069612211245984 0.26459841679175194 0.2947924848854255 0.20080868345129851 0.32301958741027437 0.29096246646663376 0.20932496877133355 0.20972010549748132 0.27218789705172636 0.19940748776064995 0 0.1652311282518824 0.2072322172385873 0.27277896809969493 0.3017281188847064 0.2682387592774036 0.19623369119231462 0.16239245061540772
0.15023786931159866 0.1695800591157585 0.1872019953123383 0.24560865424162684 0.25063619088459177 0.17407765595569785 0.3123302503070606 0.2031856384435789 0.1956514043069527 0.20826060765696663 0.22269134290946027 0.18713786742736946 0.1652311282518824 0 0.1614127965652325 0.23839140192001532 0.23240572528508904 0.25215771850276375 0.13393407694338677 0.12561485860426555
0.23553466513874793 0.2540423622449782 0.2611004376422626 0.2117784538504015 0.24038292634221303 0.26451215951658547 0.37773322568081863 0.21562928660225525 0.2728852713596138 0.19074445747102925 0.2142347120918976 0.18669919664956391 0.2072322172385873 0.1614127965652325 0 0.20992882494095014 0.21396043149496308 0.3456217515582304 0.16273021930993714 0.21268662885626083
0.2790300339780486 0.30149386515257265 0.32093708475318244 0.20614828225023132 0.16429246542974252 0.3386110512155061 0.47808537284693303 0.16970374712125955 0.34698895917974415 0.2536861331650383 0.1475057700320052 0.23818984977715152 0.27277896809969493 0.23839140192001532 0.20992882494095014 0 0.16106901233241783 0.4322964770715603 0.22004784168807234 0.2745747700496644
0.308642590193252 0.3149183286488868 0.3344566491273587 0.20097218551831397 0.1724878723728207 0.36367940516621033 0.4847245664356703 0.16108896615083002 0.3890180312116084 0.24731642709484938 0.1353431578761412 0.24168716174797303 0.3017281188847064 0.23240572528508904 0.21396043149496308 0.16106901233241783 0 0.4515451217267195 0.20053213245300738 0.2886751345948129
0.20578933551078063 0.2064741604835056 0.19649133838113322 0.44233540634484236 0.4607392991208651 0.15488672954743085 0.19014065262747876 0.4123183698474186 0.17250242033155047 0.3803551639736488 0.4190351910997035 0.3521347126246435 0.2682387592774036 0.25215771850276375 0.3456217515582304 0.4322964770715603 0.4515451217267195 0 0.31935125837148876 0.19882696935448688
0.2125383118027584 0.23101606232604602 0.24961051944151633 0.19303184926326364 0.22247509183647435 0.2462639498878268 0.37171251234620417 0.18671471640205792 0.2545139051903111 0.1705705407668765 0.2004778979334346 0.14975189244419534 0.19623369119231462 0.13393407694338677 0.16273021930993714 0.22004784168807234 0.20053213245300738 0.31935125837148876 0 0.18955164088290954
0.11295743401146623 0.13333333333333333 0.13703774196550633 0.309581504558334 0.3025515079552346 0.12081373926817926 0.2525878521484347 0.2599105938963856 0.14322297480788657 0.255961079951786 0.26860765467512676 0.23475241351724996 0.16239245061540772 0.12561485860426555 0.21268662885626083 0.2745747700496644 0.2886751345948129 0.19882696935448688 0.18955164088290954 0
