0 0.1372398725177769 0.06308149182921219 0.2555721796310184 0.21797970436522643 0.20281585810894937 0.1678740335045517 0.12492999482711752 0.09898030839149453 0.1356409504277753 0.16550779407882593 0.15751252172552932 0.08707608989159653 0.0685248288864193 0.029611004613199102 0.16815519398767736 0.23278349020088288 0.2223942613000782 0.15211575331906105 0.22200647676565682
0.1372398725177769 0 0.15900187091295004 0.23075456152402196 0.2249286228462133 0.23508802796837616 0.14089832497922897 0.1106293275240039 0.06874516652539955 0.17995501686797183 0.1204409369839094 0.09202282601285498 0.11912192460196559 0.10540925533894598 0.14340001160052998 0.13642363061941218 0.15763409466815295 0.1403639451331482 0.14842054560286363 0.17514899407572548
0.06308149182921219 0.15900187091295004 0 0.29083494941311655 0.2583331434011832 0.2566349356276949 0.19110014233583852 0.13971317801283342 0.1275781655719548 0.1800780010853554 0.15826285130376294 0.1621013015873526 0.12483840120492028 0.08255057772302958 0.08225155783015738 0.20657683936125462 0.21032243253373353 0.2234588875290927 0.14509609853967953 0.21882030859570256
0.2555721796310184 0.23075456152402196 0.29083494941311655 0 0.13113448836350908 0.20536233810695642 0.1318430708718327 0.1653646321194102 0.2609266042331667 0.2122411429472415 0.28409902172225804 0.20383544459326894 0.24829095221414418 0.23439169532809892 0.2650275731022881 0.14438506334842413 0.28920200542311675 0.18059667250874528 0.15604775411291638 0.11267610600900653
0.21797970436522643 0.2249286228462133 0.2583331434011832 0.13113448836350908 0 0.09601536368738331 0.11044204887501095 0.14962749087233154 0.21239812947109604 0.11044514807185281 0.2548106371591808 0.18258253456432033 0.18231036844715323 0.19757965532194982 0.22528223649052545 0.11146206749655972 0.29993869550423474 0.21011371069137466 0.13608974477632563 0.1992599725377783
0.20281585810894937 0.23508802796837616 0.2566349356276949 0.20536233810695642 0.09601536368738331 0 0.17253808864579143 0.20494764299628712 0.21650291360858637 0.1251840154355832 0.2691230959807787 0.23092947241877776 0.17085472192944998 0.21128597593127102 0.21026912449346435 0.15779862057414223 0.35666110709031584 0.2729561730248949 0.21181818696616847 0.25918850639482577
0.1678740335045517 0.14089832497922897 0.19110014233583852 0.1318430708718327 0.11044204887501095 0.17253808864579143 0 0.08946828511997919 0.13726836945280085 0.1767191788821336 0.20369625315846288 0.08831430828216638 0.13101754292362436 0.14626957400708288 0.17184994503786144 0.07995016493950662 0.20257727718743576 0.13209667520598314 0.13052394685556998 0.1165774897022036
0.12492999482711752 0.1106293275240039 0.13971317801283342 0.1653646321194102 0.14962749087233154 0.20494764299628712 0.08946828511997919 0 0.11890009053207604 0.17457716245144853 0.2069765970297856 0.0751282579409175 0.13075018581397566 0.07774236688635741 0.13096307469640298 0.08782452974512323 0.16700194040401845 0.11671649795752172 0.07515468626232494 0.11845486470517588
0.09898030839149453 0.06874516652539955 0.1275781655719548 0.2609266042331667 0.21239812947109604 0.21650291360858637 0.13726836945280085 0.11890009053207604 0 0.15543979653209195 0.13400900006454297 0.12125071955250538 0.0678053881809104 0.07246376811594203 0.09479330037645745 0.13916432239575163 0.18872598928640744 0.17056106825451547 0.15644899188997927 0.20308557542776454
0.1356409504277753 0.17995501686797183 0.1800780010853554 0.2122411429472415 0.11044514807185281 0.1251840154355832 0.1767191788821336 0.17457716245144853 0.15543979653209195 0 0.2538661835265295 0.20198144260518655 0.11778214157572207 0.17388180629013675 0.148102482515778 0.17708641561999597 0.3110063326111963 0.2712050261786828 0.16045345178321724 0.27073213126586154
0.16550779407882593 0.1204409369839094 0.15826285130376294 0.28409902172225804 0.2548106371591808 0.2691230959807787 0.20369625315846288 0.2069765970297856 0.13400900006454297 0.2538661835265295 0 0.15878621878703858 0.16865879194246455 0.15751935095305927 0.15959355399691255 0.17608838636795976 0.1577358558731515 0.18801353746206345 0.23409635044328606 0.2575686760460322
0.15751252172552932 0.09202282601285498 0.1621013015873526 0.20383544459326894 0.18258253456432033 0.23092947241877776 0.08831430828216638 0.0751282579409175 0.12125071955250538 0.20198144260518655 0.15878621878703858 0 0.135230430405854 0.12125071955250538 0.16835669545612883 0.11431215048730897 0.13105810963198414 0.08439880645844013 0.106558953537701 0.12356907479587075
0.08707608989159653 0.11912192460196559 0.12483840120492028 0.24829095221414418 0.18231036844715323 0.17085472192944998 0.13101754292362436 0.13075018581397566 0.0678053881809104 0.11778214157572207 0.16865879194246455 0.135230430405854 0 0.10296373760804914 0.08523671072659189 0.13262949988595876 0.23673782082273717 0.20937685607429393 0.15537413501394115 0.22607395501991115
0.0685248288864193 0.10540925533894598 0.08255057772302958 0.23439169532809892 0.19757965532194982 0.21128597593127102 0.14626957400708288 0.07774236688635741 0.07246376811594203 0.17388180629013675 0.15751935095305927 0.12125071955250538 0.10296373760804914 0 0.06661150837264578 0.13452551164922658 0.18257188094011154 0.16645116299537052 0.10507768112013534 0.16821229479875446
0.029611004613199102 0.14340001160052998 0.08225155783015738 0.2650275731022881 0.22528223649052545 0.21026912449346435 0.17184994503786144 0.13096307469640298 0.09479330037645745 0.148102482515778 0.15959355399691255 0.16835669545612883 0.08523671072659189 0.06661150837264578 0 0.15990655860605868 0.24151445178215192 0.23103827936266416 0.1684159193085188 0.23281122829450682
0.16815519398767736 0.13642363061941218 0.20657683936125462 0.14438506334842413 0.11146206749655972 0.15779862057414223 0.07995016493950662 0.08782452974512323 0.13916432239575163 0.17708641561999597 0.17608838636795976 0.11431215048730897 0.13262949988595876 0.13452551164922658 0.15990655860605868 0 0.22258675943840378 0.14009968661338756 0.12107897233776412 0.1516741635111247
0.23278349020088288 0.15763409466815295 0.21032243253373353 0.28920200542311675 0.29993869550423474 0.35666110709031584 0.20257727718743576 0.16700194040401845 0.18872598928640744 0.3110063326111963 0.1577358558731515 0.13105810963198414 0.23673782082273717 0.18257188094011154 0.24151445178215192 0.22258675943840378 0 0.10820260805882279 0.18046109282400472 0.18989547038327526
0.2223942613000782 0.1403639451331482 0.2234588875290927 0.18059667250874528 0.21011371069137466 0.2729561730248949 0.13209667520598314 0.11671649795752172 0.17056106825451547 0.2712050261786828 0.18801353746206345 0.08439880645844013 0.20937685607429393 0.16645116299537052 0.23103827936266416 0.14009968661338756 0.10820260805882279 0 0.16091078049118956 0.09424098121252307
0.15211575331906105 0.14842054560286363 0.14509609853967953 0.15604775411291638 0.13608974477632563 0.21181818696616847 0.13052394685556998 0.07515468626232494 0.15644899188997927 0.16045345178321724 0.23409635044328606 0.106558953537701 0.15537413501394115 0.10507768112013534 0.1684159193085188 0.12107897233776412 0.18046109282400472 0.16091078049118956 0 0.16063020350268553
0.22200647676565682 0.17514899407572548 0.21882030859570256 0.11267610600900653 0.1992599725377783 0.25918850639482577 0.1165774897022036 0.11845486470517588 0.20308557542776454 0.27073213126586154 0.2575686760460322 0.12356907479587075 0.22607395501991115 0.16821229479875446 0.23281122829450682 0.1516741635111247 0.18989547038327526 0.09424098121252307 0.16063020350268553 0
