0 0.3375811590729539 0.34985953565802846 0.2928042554386611 0.33154439749133807 0.27537524003244523 0.3831748101446476 0.2779072727232093 0.3163075064725624 0.24426357542638014 0.35565743746356276 0.2673043924111011 0.18213126350781303 0.22215794970541233 0.22806720942444142 0.35832400210061083 0.38835113228162665 0.2777949261420116 0.20943914186495316 0.3169715407001309
0.3375811590729539 0 0.23712752541148943 0.1878398472943625 0.25451448955187117 0.20159884497533567 0.22048043050258248 0.35745182318293733 0.24009198592907496 0.2348825880516267 0.1424083548277412 0.19619695408052087 0.30552275830804465 0.27068990804200566 0.1821763437729327 0.4857291298569145 0.20875612146754136 0.309260103104407 0.24479862431889307 0.49588251723515203
0.34985953565802846 0.23712752541148943 0 0.203382552905676 0.12273780436077877 0.26145630127286656 0.15895404409192573 0.3307830094291995 0.14903267802399658 0.21608392712030536 0.25016246779437246 0.2001612856597822 0.25971123179269623 0.3186913104278354 0.25210242159607005 0.478162814522607 0.12433960588229868 0.4470100654192305 0.25511323162537736 0.5704170197141671
0.2928042554386611 0.1878398472943625 0.203382552905676 0 0.17134037099052787 0.1815445319574133 0.1769184910163124 0.25510783088433964 0.15876688098630296 0.14116597805657416 0.18073849670194994 0.15770020922886158 0.24459169673544695 0.1973782401328124 0.12176728661776513 0.38799326710359827 0.21623757250807868 0.3235468739013047 0.17537795703622513 0.4208371401111519
0.33154439749133807 0.25451448955187117 0.12273780436077877 0.17134037099052787 0 0.24353106720418105 0.13132297748687316 0.29681636309623755 0.10146049534891607 0.1873617969886665 0.2637126551919594 0.20503520108425757 0.2612970145107799 0.27957189936526267 0.2242168389513911 0.43145305709946086 0.15296736507610087 0.42616388027111524 0.22283681617505133 0.5335402581614627
0.27537524003244523 0.20159884497533567 0.26145630127286656 0.1815445319574133 0.24353106720418105 0 0.228333720706844 0.27379411126677194 0.21617444324247534 0.15711752226723255 0.1730068084642303 0.1585053935496911 0.23864335042796164 0.23025642534914836 0.1392096014219277 0.36850726891902735 0.2483220289508397 0.24241716924003134 0.1732857154941392 0.42830098146007983
0.3831748101446476 0.22048043050258248 0.15895404409192573 0.1769184910163124 0.13132297748687316 0.228333720706844 0 0.32622956666379815 0.1279995812998322 0.2118122040482196 0.224280391761224 0.216339161152313 0.3327996545944372 0.3167579191935328 0.21924657242110018 0.4667613436913252 0.13821707382054135 0.39569997530997103 0.24810861256672642 0.5682998062104749
0.2779072727232093 0.35745182318293733 0.3307830094291995 0.25510783088433964 0.29681636309623755 0.27379411126677194 0.32622956666379815 0 0.28167769170805645 0.22848869437476213 0.35579196007513425 0.30921799252372373 0.2396944224404655 0.19335052081021606 0.2807251743697622 0.24008452463162466 0.3628781513582546 0.2881267182505204 0.2238467117046735 0.31709143089490066
0.3163075064725624 0.24009198592907496 0.14903267802399658 0.15876688098630296 0.10146049534891607 0.21617444324247534 0.1279995812998322 0.28167769170805645 0 0.1593776500438981 0.2536042967117737 0.17407072719630698 0.26477086913069053 0.2888465670789503 0.19920996155151557 0.41212357107489583 0.15655102412255675 0.4012560490789062 0.21479820093559007 0.5149362941719583
0.24426357542638014 0.2348825880516267 0.21608392712030536 0.14116597805657416 0.1873617969886665 0.15711752226723255 0.2118122040482196 0.22848869437476213 0.1593776500438981 0 0.22587280898476852 0.14468274648198617 0.2132279995285562 0.21644373160974684 0.1196199419248881 0.3536178312008613 0.23860678611591668 0.32076995077520526 0.14042292960144187 0.4346335603280937
0.35565743746356276 0.1424083548277412 0.25016246779437246 0.18073849670194994 0.2637126551919594 0.1730068084642303 0.224280391761224 0.35579196007513425 0.2536042967117737 0.22587280898476852 0 0.20153504261051114 0.3165643651834807 0.28648068897769957 0.19752923794879415 0.44837602844519886 0.22505155685290812 0.2667266119673377 0.23505955387218144 0.49512615747562605
0.2673043924111011 0.19619695408052087 0.2001612856597822 0.15770020922886158 0.20503520108425757 0.1585053935496911 0.216339161152313 0.30921799252372373 0.17407072719630698 0.14468274648198617 0.20153504261051114 0 0.22654883314038132 0.282094117880836 0.16781513225857894 0.4388006274660299 0.1958355084560198 0.3409353980324756 0.21569642923083165 0.5037939304291901
0.18213126350781303 0.30552275830804465 0.25971123179269623 0.24459169673544695 0.2612970145107799 0.23864335042796164 0.3327996545944372 0.2396944224404655 0.26477086913069053 0.2132279995285562 0.3165643651834807 0.22654883314038132 0 0.18218395590397055 0.20408306984259686 0.36062737453575144 0.309261756110509 0.36833262571053443 0.1959566910995184 0.3648242274680351
0.22215794970541233 0.27068990804200566 0.3186913104278354 0.1973782401328124 0.27957189936526267 0.23025642534914836 0.3167579191935328 0.19335052081021606 0.2888465670789503 0.21644373160974684 0.28648068897769957 0.282094117880836 0.18218395590397055 0 0.16742168986930972 0.2724401252584421 0.3779644730092272 0.28431030182397665 0.13444974485212596 0.2836881654489967
0.22806720942444142 0.1821763437729327 0.25210242159607005 0.12176728661776513 0.2242168389513911 0.1392096014219277 0.21924657242110018 0.2807251743697622 0.19920996155151557 0.1196199419248881 0.19752923794879415 0.16781513225857894 0.20408306984259686 0.16742168986930972 0 0.36172605371291316 0.26002101593962823 0.2630965854236653 0.13626713936934898 0.3628964961323469
0.35832400210061083 0.4857291298569145 0.478162814522607 0.38799326710359827 0.43145305709946086 0.36850726891902735 0.4667613436913252 0.24008452463162466 0.41212357107489583 0.3536178312008613 0.44837602844519886 0.4388006274660299 0.36062737453575144 0.2724401252584421 0.36172605371291316 0 0.5103863684419887 0.26542613987963226 0.2958673087401764 0.24537140533859578
0.38835113228162665 0.20875612146754136 0.12433960588229868 0.21623757250807868 0.15296736507610087 0.2483220289508397 0.13821707382054135 0.3628781513582546 0.15655102412255675 0.23860678611591668 0.22505155685290812 0.1958355084560198 0.309261756110509 0.3779644730092272 0.26002101593962823 0.5103863684419887 0 0.4139168930962719 0.3049033617555531 0.6086541545560796
0.2777949261420116 0.309260103104407 0.4470100654192305 0.3235468739013047 0.42616388027111524 0.24241716924003134 0.39569997530997103 0.2881267182505204 0.4012560490789062 0.32076995077520526 0.2667266119673377 0.3409353980324756 0.36833262571053443 0.28431030182397665 0.2630965854236653 0.26542613987963226 0.4139168930962719 0 0.3108373841036691 0.35167424076102943
0.20943914186495316 0.24479862431889307 0.25511323162537736 0.17537795703622513 0.22283681617505133 0.1732857154941392 0.24810861256672642 0.2238467117046735 0.21479820093559007 0.14042292960144187 0.23505955387218144 0.21569642923083165 0.1959566910995184 0.13444974485212596 0.13626713936934898 0.2958673087401764 0.3049033617555531 0.3108373841036691 0 0.35321231270023695
0.3169715407001309 0.49588251723515203 0.5704170197141671 0.4208371401111519 0.5335402581614627 0.42830098146007983 0.5682998062104749 0.31709143089490066 0.5149362941719583 0.4346335603280937 0.49512615747562605 0.5037939304291901 0.3648242274680351 0.2836881654489967 0.3628964961323469 0.24537140533859578 0.6086541545560796 0.35167424076102943 0.35321231270023695 0
