0 0.2062842492517587 0.0678964585086305 0.25849494319170097 0.21265601304777 0.4004971799448181 0.19464754503171475 0.36399167125808785 0.0698965139631428 0.13720746474379295 0.37569147396938424 0.1834090688947935 0.25990647564108227 0.33574288127435215 0.08246240571253921 0.37235942200780964 0.34305959351437254 0.12971734190749126 0.43416645032246903 0.12957716949398393
0.2062842492517587 0 0.22505319268525925 0.4087174421908574 0.31022100747990283 0.49081301102782193 0.2250293510418124 0.4411287732562847 0.19693027994279283 0.12506865802362577 0.20603836665456235 0.3111879571320709 0.335066911601989 0.4710291687761113 0.20135623211363207 0.4538021957712275 0.4899852274707135 0.1524431867933412 0.5290502621624715 0.24009236697858954
0.0678964585086305 0.22505319268525925 0 0.2538128879076886 0.20880422702335663 0.3860276038656367 0.19112194195614543 0.35367587574872145 0.07390976450199421 0.1502671358248633 0.4091288485976463 0.1800870255714244 0.25938244138144423 0.32582837806443066 0.10795837927188262 0.3619218869646433 0.3330610548186756 0.15052558609657288 0.42979678305598656 0.13231937691969953
0.25849494319170097 0.4087174421908574 0.2538128879076886 0 0.12154096653225557 0.1670394954078544 0.2121085333273256 0.1604841641148357 0.2781469555832955 0.310230052631749 0.5889515190196326 0.13297829192437322 0.14026676050865955 0.11934141429961291 0.3059435499137197 0.1562504345703872 0.11783176430654219 0.36972903591453465 0.20083857810137354 0.28438372049388416
0.21265601304777 0.31022100747990283 0.20880422702335663 0.12154096653225557 0 0.2081019531670591 0.12258040359004863 0.20211310149110878 0.22391152477915618 0.23735174597341463 0.48928441227738306 0.10311429056369714 0.17389120797462315 0.17884027564769298 0.26557489241653287 0.19422857397797358 0.1958410262417504 0.31430378652132623 0.24898317197392933 0.189948310873269
0.4004971799448181 0.49081301102782193 0.3860276038656367 0.1670394954078544 0.2081019531670591 0 0.29186760489456187 0.10738283951092722 0.4085410142419126 0.4046300980545414 0.6888938682972439 0.24705078101701183 0.2030800069743161 0.11326310572574855 0.4367102602498317 0.08313960272589208 0.1011798362904286 0.5091153445210044 0.07866421664223926 0.3687707942370898
0.19464754503171475 0.2250293510418124 0.19112194195614543 0.2121085333273256 0.12258040359004863 0.29186760489456187 0 0.24703927072965257 0.1967519039730565 0.22137326620953962 0.39628253226221344 0.12686605395248424 0.21296008689816387 0.27526967894039184 0.23061392239379 0.24841727630389546 0.2924296543384123 0.2578661659965247 0.3239809876943541 0.11565153784445185
0.36399167125808785 0.4411287732562847 0.35367587574872145 0.1604841641148357 0.20211310149110878 0.10738283951092722 0.24703927072965257 0 0.37175940187030365 0.3573600988802266 0.6329801116278878 0.22552150864152817 0.14882003687700227 0.09739899346412505 0.41930165998226393 0.06434524476050461 0.1044097897588803 0.4707295318699768 0.11161618367500502 0.34359710135414134
0.0698965139631428 0.19693027994279283 0.07390976450199421 0.2781469555832955 0.22391152477915618 0.4085410142419126 0.1967519039730565 0.37175940187030365 0 0.144025094558235 0.37284851924962253 0.18539192726574819 0.27994365913987945 0.35121121998234195 0.08891084489487741 0.376385046266093 0.35845727794499005 0.13111973230622778 0.4532491396668014 0.1414562880289346
0.13720746474379295 0.12506865802362577 0.1502671358248633 0.310230052631749 0.23735174597341463 0.4046300980545414 0.22137326620953962 0.3573600988802266 0.144025094558235 0 0.2846296777538368 0.21835557925689056 0.2536300787713606 0.3679545758861279 0.1799869105188352 0.36942355947020244 0.3938936937159123 0.1871921270986831 0.43780463625491983 0.2211154946652704
0.37569147396938424 0.20603836665456235 0.4091288485976463 0.5889515190196326 0.48928441227738306 0.6888938682972439 0.39628253226221344 0.6329801116278878 0.37284851924962253 0.2846296777538368 0 0.4887259574726145 0.5198013097258596 0.666786044708033 0.360048840387127 0.6472297183566291 0.6831013559575374 0.28773020526869464 0.7312113294761091 0.3261452510642726
0.1834090688947935 0.3111879571320709 0.1800870255714244 0.13297829192437322 0.10311429056369714 0.24705078101701183 0.12686605395248424 0.22552150864152817 0.18539192726574819 0.21835557925689056 0.4887259574726145 0 0.16160641854674818 0.19518885636660965 0.23694819779213042 0.22047265378925257 0.2093335196420654 0.2795482085604364 0.2883652659957289 0.20999308906909592
0.25990647564108227 0.335066911601989 0.25938244138144423 0.14026676050865955 0.17389120797462315 0.2030800069743161 0.21296008689816387 0.14882003687700227 0.27994365913987945 0.2536300787713606 0.5198013097258596 0.16160641854674818 0 0.17512232051174456 0.31706065490570357 0.16570474962304593 0.18834518043162216 0.36367311761272286 0.2309013985994516 0.30723119806877847
0.33574288127435215 0.4710291687761113 0.32582837806443066 0.11934141429961291 0.17884027564769298 0.11326310572574855 0.27526967894039184 0.09739899346412505 0.35121121998234195 0.3679545758861279 0.666786044708033 0.19518885636660965 0.17512232051174456 0 0.38734877394303935 0.10490035566511352 0.08204342290021735 0.4457371129614307 0.1384326430823308 0.34997942938925664
0.08246240571253921 0.20135623211363207 0.10795837927188262 0.3059435499137197 0.26557489241653287 0.4367102602498317 0.23061392239379 0.41930165998226393 0.08891084489487741 0.1799869105188352 0.360048840387127 0.23694819779213042 0.31706065490570357 0.38734877394303935 0 0.41983002916050793 0.3864327157197845 0.1096908636190696 0.4855041562276122 0.14999234752441917
0.37235942200780964 0.4538021957712275 0.3619218869646433 0.1562504345703872 0.19422857397797358 0.08313960272589208 0.24841727630389546 0.06434524476050461 0.376385046266093 0.36942355947020244 0.6472297183566291 0.22047265378925257 0.16570474962304593 0.10490035566511352 0.41983002916050793 0 0.10902461344948916 0.475297153610547 0.10065640694646234 0.33717961446904926
0.34305959351437254 0.4899852274707135 0.3330610548186756 0.11783176430654219 0.1958410262417504 0.1011798362904286 0.2924296543384123 0.1044097897588803 0.35845727794499005 0.3938936937159123 0.6831013559575374 0.2093335196420654 0.18834518043162216 0.08204342290021735 0.3864327157197845 0.10902461344948916 0 0.45291701515461963 0.1263659077612324 0.3680882610070613
0.12971734190749126 0.1524431867933412 0.15052558609657288 0.36972903591453465 0.31430378652132623 0.5091153445210044 0.2578661659965247 0.4707295318699768 0.13111973230622778 0.1871921270986831 0.28773020526869464 0.2795482085604364 0.36367311761272286 0.4457371129614307 0.1096908636190696 0.475297153610547 0.45291701515461963 0 0.5562227552891023 0.20108965722028524
0.43416645032246903 0.5290502621624715 0.42979678305598656 0.20083857810137354 0.24898317197392933 0.07866421664223926 0.3239809876943541 0.11161618367500502 0.4532491396668014 0.43780463625491983 0.7312113294761091 0.2883652659957289 0.2309013985994516 0.1384326430823308 0.4855041562276122 0.10065640694646234 0.1263659077612324 0.5562227552891023 0 0.4091897694667688
0.12957716949398393 0.24009236697858954 0.13231937691969953 0.28438372049388416 0.189948310873269 0.3687707942370898 0.11565153784445185 0.34359710135414134 0.1414562880289346 0.2211154946652704 0.3261452510642726 0.20999308906909592 0.30723119806877847 0.34997942938925664 0.14999234752441917 0.33717961446904926 0.3680882610070613 0.20108965722028524 0.4091897694667688 0
