0 0.11084884446758708 0.22816866249008896 0.3887315084819518 0.08170073702056668 0.253911120869623 0.6529829845528148 0.2488821956045669 0.3150387693828407 0.33928959342429377 0.42606690319841917 0.4663750404924015 0.25843763125886643 0.3201269333081032 0.2827550143151308 0.2748858196474555 0.18460231359437823 0.20637902722563223 0.11283732308370766 0.06673260799501936
0.11084884446758708 0 0.15992824342276743 0.5071931963932934 0.11566639067156562 0.1885745480050997 0.7947503992640585 0.35605957295894125 0.23549361384280576 0.2625157160196786 0.3413794626228066 0.3793857614027352 0.3697299133794036 0.24053509914302687 0.19763652929585634 0.19702193820090583 0.2589869413848124 0.31165600128822707 0.10668352663028595 0.17635431068253932
0.22816866249008896 0.15992824342276743 0 0.6418268589111596 0.214905391718059 0.1078052329151036 0.9307800054879923 0.47177857654775235 0.12748878521518864 0.17278519837288137 0.23084231682989745 0.2562333516638396 0.4843873620332186 0.17694339881666335 0.15692476573049374 0.1328236778779265 0.4000290349508603 0.39986803521050707 0.20250375975544205 0.2925554445106
0.3887315084819518 0.5071931963932934 0.6418268589111596 0 0.44034755759456745 0.6692404173063309 0.25641129703418536 0.19145989526687088 0.7425083025662433 0.7745205077273382 0.8800880583578449 0.9304519013580126 0.13916748518532024 0.7532165980334001 0.7084857342913595 0.6956216846773292 0.27852424952911653 0.21938172723813917 0.4804379772023617 0.34951264770976587
0.08170073702056668 0.11566639067156562 0.214905391718059 0.44034755759456745 0 0.24375052712500506 0.7110571291368637 0.27036005696997306 0.30243207087140755 0.30741401256374123 0.3921157252521711 0.42810457516339867 0.3068554591412284 0.28857780649541986 0.26756247647290116 0.24419291796937645 0.20579830217101058 0.2521533558747389 0.08006407690254357 0.12812442652769462
0.253911120869623 0.1885745480050997 0.1078052329151036 0.6692404173063309 0.24375052712500506 0 0.9609644992036083 0.4766536447656767 0.0616330624822137 0.11933017042964143 0.17635271094395433 0.21045127478552347 0.5162423467718252 0.09165145279816864 0.15172713231127413 0.08989702140097988 0.391439338468077 0.4208814735672096 0.19579646722374466 0.31767968902548976
0.6529829845528148 0.7947503992640585 0.9307800054879923 0.25641129703418536 0.7110571291368637 0.9609644992036083 0 0.4320138246635874 1.0462294211433611 1.0826725901900307 1.2064767219412402 1.266180677322661 0.3862947093664008 1.0586563051005287 1.0065517189094728 0.9998021956265883 0.545544725589981 0.4583492485141057 0.7460843702452428 0.6215435987786571
0.2488821956045669 0.35605957295894125 0.47177857654775235 0.19145989526687088 0.27036005696997306 0.4766536447656767 0.4320138246635874 0 0.5430753866417045 0.5726752912840852 0.6676997785008552 0.7083852655492318 0.09211554424898175 0.5528079553955171 0.5122920096068893 0.5051793806312218 0.19064124952775927 0.1309087345221607 0.3020390008272556 0.20542163837429128
0.3150387693828407 0.23549361384280576 0.12748878521518864 0.7425083025662433 0.30243207087140755 0.0616330624822137 1.0462294211433611 0.5430753866417045 0 0.07620371804188282 0.12773807700531709 0.16885790623653588 0.5840661122473428 0.08092789754405172 0.15251561701197083 0.12149807301787492 0.44527538131917954 0.48615279266412326 0.2542464180904607 0.3787708459199258
0.33928959342429377 0.2625157160196786 0.17278519837288137 0.7745205077273382 0.30741401256374123 0.11933017042964143 1.0826725901900307 0.5726752912840852 0.07620371804188282 0 0.08580443348116551 0.12198968752529413 0.6141593701986896 0.0559598754856103 0.12159058491899517 0.08527346567520495 0.4694685597539519 0.5154515423494693 0.263708776530245 0.39059017032420956
0.42606690319841917 0.3413794626228066 0.23084231682989745 0.8800880583578449 0.3921157252521711 0.17635271094395433 1.2064767219412402 0.6676997785008552 0.12773807700531709 0.08580443348116551 0 0.051831388970114564 0.7113437510071263 0.1162977075940555 0.1684624464510071 0.16295926717512693 0.5518915695898104 0.6085821840836614 0.3410079595898358 0.4785755231518979
0.4663750404924015 0.3793857614027352 0.2562333516638396 0.9304519013580126 0.42810457516339867 0.21045127478552347 1.266180677322661 0.7083852655492318 0.16885790623653588 0.12198968752529413 0.051831388970114564 0 0.7573453885187764 0.14491353053449652 0.18613041841593128 0.19955550285669474 0.5983395081638642 0.656399212118368 0.37677212660020504 0.5196157298067615
0.25843763125886643 0.3697299133794036 0.4843873620332186 0.13916748518532024 0.3068554591412284 0.5162423467718252 0.3862947093664008 0.09211554424898175 0.5840661122473428 0.6141593701986896 0.7113437510071263 0.7573453885187764 0 0.5939984719061862 0.5577839780096769 0.5403121868128573 0.17511900715418263 0.1039501159136702 0.34499883812570414 0.22041875763163765
0.3201269333081032 0.24053509914302687 0.17694339881666335 0.7532165980334001 0.28857780649541986 0.09165145279816864 1.0586563051005287 0.5528079553955171 0.08092789754405172 0.0559598754856103 0.1162977075940555 0.14491353053449652 0.5939984719061862 0 0.11562269648326222 0.06925826076765042 0.44580181136276986 0.4957258747830075 0.2376485042566282 0.3714192899296317
0.2827550143151308 0.19763652929585634 0.15692476573049374 0.7084857342913595 0.26756247647290116 0.15172713231127413 1.0065517189094728 0.5122920096068893 0.15251561701197083 0.12159058491899517 0.1684624464510071 0.18613041841593128 0.5577839780096769 0.11562269648326222 0 0.09970056902314874 0.4069940684815211 0.47967062108027336 0.2011818618084024 0.33362152852795934
0.2748858196474555 0.19702193820090583 0.1328236778779265 0.6956216846773292 0.24419291796937645 0.08989702140097988 0.9998021956265883 0.5051793806312218 0.12149807301787492 0.08527346567520495 0.16295926717512693 0.19955550285669474 0.5403121868128573 0.06925826076765042 0.09970056902314874 0 0.3950110824701778 0.4486110358697112 0.19677216566991226 0.32170180573074336
0.18460231359437823 0.2589869413848124 0.4000290349508603 0.27852424952911653 0.20579830217101058 0.391439338468077 0.545544725589981 0.19064124952775927 0.44527538131917954 0.4694685597539519 0.5518915695898104 0.5983395081638642 0.17511900715418263 0.44580181136276986 0.4069940684815211 0.3950110824701778 0 0.16803361008336118 0.20321696346100318 0.13074028933658496
0.20637902722563223 0.31165600128822707 0.39986803521050707 0.21938172723813917 0.2521533558747389 0.4208814735672096 0.4583492485141057 0.1309087345221607 0.48615279266412326 0.5154515423494693 0.6085821840836614 0.656399212118368 0.1039501159136702 0.4957258747830075 0.47967062108027336 0.4486110358697112 0.16803361008336118 0 0.28263795946385345 0.16999637881393098
0.11283732308370766 0.10668352663028595 0.20250375975544205 0.4804379772023617 0.08006407690254357 0.19579646722374466 0.7460843702452428 0.3020390008272556 0.2542464180904607 0.263708776530245 0.3410079595898358 0.37677212660020504 0.34499883812570414 0.2376485042566282 0.2011818618084024 0.19677216566991226 0.20321696346100318 0.28263795946385345 0 0.1487433771098107
0.06673260799501936 0.17635431068253932 0.2925554445106 0.34951264770976587 0.12812442652769462 0.31767968902548976 0.6215435987786571 0.20542163837429128 0.3787708459199258 0.39059017032420956 0.4785755231518979 0.5196157298067615 0.22041875763163765 0.3714192899296317 0.33362152852795934 0.32170180573074336 0.13074028933658496 0.16999637881393098 0.1487433771098107 0
