0 0.43310933135045915 0.5971013040473474 0.7553191489361702 0.5136207177534338 0.5586556530564095 0.5727252259130579 0.4178678028860451 0.3726676445147228 0.4663750404924015 0.09948871266748938 0.7119254359849219 0.6728177705870996 0.13098663558793544 0.6090085261790502 0.11179185072654418 0.262016187037182 0.7156915131546385 0.5633699338615943 0.11781403159445329
0.43310933135045915 0 0.15851091149675753 0.2922607683096594 0.12994046300816942 0.13297023857898058 0.16190190305313343 0.1134865944674147 0.12581781622541074 0.11493047119460185 0.45755617431810675 0.2693064404903738 0.23679358421576158 0.5240397492213738 0.17278135123799918 0.41039076035842537 0.6307332223883548 0.2587564249786041 0.1305304960856893 0.505087836489203
0.5971013040473474 0.15851091149675753 0 0.15003306878347053 0.13608347283423314 0.05007510510952837 0.09702349528004318 0.24421590047772798 0.2654430410216175 0.18040032845279297 0.6116651179175089 0.14409941440187213 0.12617791683994775 0.6912233453307924 0.03418983251711796 0.5704181478149525 0.7940190937524886 0.10822840367045869 0.07133797785440187 0.6713309358996552
0.7553191489361702 0.2922607683096594 0.15003306878347053 0 0.2191884591686628 0.17418757721702655 0.21206312418942952 0.32322253129219725 0.35217092406641304 0.3080798625150536 0.7383109729534738 0.06322117771294673 0.09510293381716386 0.848565595765321 0.14850207904366003 0.7012397909210499 0.9081242846175057 0.07982713031340198 0.17057589664142717 0.8246982211611731
0.5136207177534338 0.12994046300816942 0.13608347283423314 0.2191884591686628 0 0.1061665281238249 0.15613100903576388 0.21087495901352202 0.21315983097871902 0.15702786511989936 0.49595430170237187 0.17920137651683288 0.16238009322929284 0.6234762059443097 0.14761077220244206 0.5062945004957567 0.7068601281569087 0.2268600627814565 0.12127253065113268 0.6072829962066243
0.5586556530564095 0.13297023857898058 0.05007510510952837 0.17418757721702655 0.1061665281238249 0 0.08585280448168658 0.22337828786653735 0.2440769186355357 0.15064615126295566 0.5932031982080518 0.1605654072333141 0.14573048321258575 0.6653442168000473 0.0654954459762643 0.5456835952455421 0.7730012058189372 0.13967961048223057 0.04616822884128705 0.6488074665441484
0.5727252259130579 0.16190190305313343 0.09702349528004318 0.21206312418942952 0.15613100903576388 0.08585280448168658 0 0.22241765554557597 0.2581077725160544 0.10302687078977107 0.6064649689152771 0.1951762680086275 0.18670673490638967 0.6596060962069505 0.1100019331575352 0.5530463173742323 0.7070303330776494 0.17943327133774697 0.10929614496752997 0.6399797427360749
0.4178678028860451 0.1134865944674147 0.24421590047772798 0.32322253129219725 0.21087495901352202 0.22337828786653735 0.22241765554557597 0 0.07757008714798759 0.15542989100222712 0.42893445996577345 0.2842276758210535 0.2611443126114403 0.5009349625415424 0.2437382015908052 0.37189887128003046 0.5397841295136604 0.3289905465170837 0.19754221145406847 0.4784012890234442
0.3726676445147228 0.12581781622541074 0.2654430410216175 0.35217092406641304 0.21315983097871902 0.2440769186355357 0.2581077725160544 0.07757008714798759 0 0.2051127802892493 0.3595222919809939 0.31968508269958557 0.2923788677831101 0.4548660676808931 0.26063249274825734 0.3239726849452528 0.49648021336488046 0.35292558777945404 0.21489522915410822 0.4323644179525812
0.4663750404924015 0.11493047119460185 0.18040032845279297 0.3080798625150536 0.15702786511989936 0.15064615126295566 0.10302687078977107 0.15542989100222712 0.2051127802892493 0 0.5093735387434397 0.27618938314399005 0.24709308850780856 0.5540070879982142 0.1862394374087572 0.46504618341007253 0.5945284284940306 0.2589658134841134 0.15423554329594008 0.5385692630876961
0.09948871266748938 0.45755617431810675 0.6116651179175089 0.7383109729534738 0.49595430170237187 0.5932031982080518 0.6064649689152771 0.42893445996577345 0.3595222919809939 0.5093735387434397 0 0.6954180018392531 0.6567423604123709 0.20182720771790766 0.6054234738098142 0.1650743001563687 0.31069150233309106 0.7153762303420548 0.5515085519731387 0.20434193745274085
0.7119254359849219 0.2693064404903738 0.14409941440187213 0.06322117771294673 0.17920137651683288 0.1605654072333141 0.1951762680086275 0.2842276758210535 0.31968508269958557 0.27618938314399005 0.6954180018392531 0 0.04107709609613927 0.806384756008469 0.142628973740018 0.661729660044969 0.8554858623063625 0.09388345202485135 0.1682081734635879 0.7827698368845787
0.6728177705870996 0.23679358421576158 0.12617791683994775 0.09510293381716386 0.16238009322929284 0.14573048321258575 0.18670673490638967 0.2611443126114403 0.2923788677831101 0.24709308850780856 0.6567423604123709 0.04107709609613927 0 0.7659609850368814 0.12969382851745312 0.621054773806832 0.8167996181203907 0.11312281436608826 0.1403160671274803 0.7425682236617605
0.13098663558793544 0.5240397492213738 0.6912233453307924 0.848565595765321 0.6234762059443097 0.6653442168000473 0.6596060962069505 0.5009349625415424 0.4548660676808931 0.5540070879982142 0.20182720771790766 0.806384756008469 0.7659609850368814 0 0.7002301867176653 0.18497940698564677 0.1530184111352012 0.8075326352457873 0.6500995884582098 0.07808688094430304
0.6090085261790502 0.17278135123799918 0.03418983251711796 0.14850207904366003 0.14761077220244206 0.0654954459762643 0.1100019331575352 0.2437382015908052 0.26063249274825734 0.1862394374087572 0.6054234738098142 0.142628973740018 0.12969382851745312 0.7002301867176653 0 0.5645974021700922 0.7825580279556777 0.09936139437245042 0.08649727481587438 0.6771372112884677
0.11179185072654418 0.41039076035842537 0.5704181478149525 0.7012397909210499 0.5062945004957567 0.5456835952455421 0.5530463173742323 0.37189887128003046 0.3239726849452528 0.46504618341007253 0.1650743001563687 0.661729660044969 0.621054773806832 0.18497940698564677 0.5645974021700922 0 0.221863248355544 0.6679309230574507 0.5112844511110912 0.1339871181330034
0.262016187037182 0.6307332223883548 0.7940190937524886 0.9081242846175057 0.7068601281569087 0.7730012058189372 0.7070303330776494 0.5397841295136604 0.49648021336488046 0.5945284284940306 0.31069150233309106 0.8554858623063625 0.8167996181203907 0.1530184111352012 0.7825580279556777 0.221863248355544 0 0.899846984987594 0.7253118970941387 0.15701857325533194
0.7156915131546385 0.2587564249786041 0.10822840367045869 0.07982713031340198 0.2268600627814565 0.13967961048223057 0.17943327133774697 0.3289905465170837 0.35292558777945404 0.2589658134841134 0.7153762303420548 0.09388345202485135 0.11312281436608826 0.8075326352457873 0.09936139437245042 0.6679309230574507 0.899846984987594 0 0.1441522866191323 0.7838841005616433
0.5633699338615943 0.1305304960856893 0.07133797785440187 0.17057589664142717 0.12127253065113268 0.04616822884128705 0.10929614496752997 0.19754221145406847 0.21489522915410822 0.15423554329594008 0.5515085519731387 0.1682081734635879 0.1403160671274803 0.6500995884582098 0.08649727481587438 0.5112844511110912 0.7253118970941387 0.1441522866191323 0 0.6272061871565089
0.11781403159445329 0.505087836489203 0.6713309358996552 0.8246982211611731 0.6072829962066243 0.6488074665441484 0.6399797427360749 0.4784012890234442 0.4323644179525812 0.5385692630876961 0.20434193745274085 0.7827698368845787 0.7425682236617605 0.07808688094430304 0.6771372112884677 0.1339871181330034 0.15701857325533194 0.7838841005616433 0.6272061871565089 0
