0 0.44871794871794873 0.39688719662555194 0.8928153310992754 1.3742221485213058 1.0334521762266855 0.7536319825011036 0.5105512753113155 0.2752083664615126 0.5274081348058073 1.3841897605963511 1.0305782373347372 1.5415680583612708 0.9136308778610887 0.6152710373685658 1.26239431693747 1.1531925132050815 1.4106510697823065 1.3335897189396515 0.44126130406091413
0.44871794871794873 0 0.21559304508054675 0.42598378542645166 0.7742096611387638 0.5837821453494255 0.3156236507910605 0.229978051942034 0.35547747334612045 0.1640825308284734 0.7788713025985585 0.5179316269682269 0.9031408826763 0.4466639847320878 0.19688673195794107 0.7278669935495323 0.6276870641496014 0.7914965278416562 0.7626738588707157 0.73543550676819
0.39688719662555194 0.21559304508054675 0 0.5687050197822184 0.9616535081417267 0.7597947740111113 0.4578920212093245 0.15821059682251104 0.22351014470991126 0.3045929842187981 0.9706793772139227 0.6786757102538917 1.111385667462373 0.6052426591521599 0.24455496488564027 0.9127840015048254 0.8033668143206096 0.9855652147934866 0.9394130502081464 0.5808870589717926
0.8928153310992754 0.42598378542645166 0.5687050197822184 0 0.3435801090780202 0.1938999331593931 0.1759095916297323 0.5526944766945443 0.7672422965718128 0.3307431139101395 0.35547499860015863 0.1876315082739823 0.449169534369286 0.1069325799464965 0.4536765144596418 0.3105904610642675 0.22590115479289796 0.3544475433353054 0.33325364253249734 1.29433334376461
1.3742221485213058 0.7742096611387638 0.9616535081417267 0.3435801090780202 0 0.2699603262202553 0.4440848620332525 0.8980904024221652 1.200288565592725 0.6763063128633358 0.09798907417902483 0.2633015972082907 0.1488857224087357 0.34738344304533014 0.7472324550104263 0.16711939182816885 0.17385362878497745 0.10921396867211941 0.1140449604596933 1.8833867268223388
1.0334521762266855 0.5837821453494255 0.7597947740111113 0.1938999331593931 0.2699603262202553 0 0.31312247521014736 0.7245528065790735 0.9455159955727841 0.4663677135028467 0.2578675923458933 0.195124272759471 0.3353584424914761 0.20702933901012088 0.6158553669404229 0.18195294577437066 0.14671118987073758 0.25922981837151265 0.22794676290092006 1.4783018005780257
0.7536319825011036 0.3156236507910605 0.4578920212093245 0.1759095916297323 0.4440848620332525 0.31312247521014736 0 0.4020996513030151 0.6481432088039998 0.24142721728973784 0.45937747087087977 0.23897745234617562 0.5574172941333446 0.16175259454601273 0.3091252877783886 0.4388350762766816 0.33736545955173064 0.4650111780962734 0.42040715868343176 1.1331286698889371
0.5105512753113155 0.229978051942034 0.15821059682251104 0.5526944766945443 0.8980904024221652 0.7245528065790735 0.4020996513030151 0 0.32088985186462815 0.302745569370869 0.9020805393412762 0.5972661459981671 1.0307061519596075 0.5431774193532892 0.13244290917659304 0.871533910213139 0.7384223358926761 0.9205860110780429 0.86777030516736 0.6332377902572627
0.2752083664615126 0.35547747334612045 0.22351014470991126 0.7672422965718128 1.200288565592725 0.9455159955727841 0.6481432088039998 0.32088985186462815 0 0.4507624797904249 1.198302836832108 0.8863242287739937 1.3474835611712823 0.8016110368447268 0.40723320778630623 1.1169131022614753 1.018390452416659 1.2217605438862116 1.175257745871419 0.43852900965351466
0.5274081348058073 0.1640825308284734 0.3045929842187981 0.3307431139101395 0.6763063128633358 0.4663677135028467 0.24142721728973784 0.302745569370869 0.4507624797904249 0 0.6771967128100009 0.4299968514422326 0.7971580727232218 0.33939004375463794 0.22498593881822204 0.6071749030141355 0.5248852739892893 0.688554386273984 0.6494075444050206 0.8516003841507555
1.3841897605963511 0.7788713025985585 0.9706793772139227 0.35547499860015863 0.09798907417902483 0.2578675923458933 0.45937747087087977 0.9020805393412762 1.198302836832108 0.6771967128100009 0 0.2853031687224359 0.12146238594857732 0.35911534686106744 0.7516413751011151 0.14644654875300678 0.17109824632205123 0.08008541082519631 0.09497017320826583 1.8778193338907108
1.0305782373347372 0.5179316269682269 0.6786757102538917 0.1876315082739823 0.2633015972082907 0.195124272759471 0.23897745234617562 0.5972661459981671 0.8863242287739937 0.4299968514422326 0.2853031687224359 0 0.35866252629591855 0.20086786126520945 0.4768318757631577 0.2897353498962014 0.20158605622014197 0.2973354771184417 0.2748737083745107 1.4248967970884563
1.5415680583612708 0.9031408826763 1.111385667462373 0.449169534369286 0.1488857224087357 0.3353584424914761 0.5574172941333446 1.0307061519596075 1.3474835611712823 0.7971580727232218 0.12146238594857732 0.35866252629591855 0 0.4491511449292237 0.8668552273277665 0.21134189340860896 0.25042938705399115 0.13179482610118542 0.15879768911344364 2.0916633112911405
0.9136308778610887 0.4466639847320878 0.6052426591521599 0.1069325799464965 0.34738344304533014 0.20702933901012088 0.16175259454601273 0.5431774193532892 0.8016110368447268 0.33939004375463794 0.35911534686106744 0.20086786126520945 0.4491511449292237 0 0.4398538245176162 0.3272758663105921 0.23116792820879525 0.36390052947978146 0.33127976351534916 1.342126720491872
0.6152710373685658 0.19688673195794107 0.24455496488564027 0.4536765144596418 0.7472324550104263 0.6158553669404229 0.3091252877783886 0.13244290917659304 0.40723320778630623 0.22498593881822204 0.7516413751011151 0.4768318757631577 0.8668552273277665 0.4398538245176162 0 0.7422873084108806 0.6304901514272387 0.7637808174216325 0.7236656952593429 0.7843197564226981
1.26239431693747 0.7278669935495323 0.9127840015048254 0.3105904610642675 0.16711939182816885 0.18195294577437066 0.4388350762766816 0.871533910213139 1.1169131022614753 0.6071749030141355 0.14644654875300678 0.2897353498962014 0.21134189340860896 0.3272758663105921 0.7422873084108806 0 0.1346711959361389 0.14948510140864416 0.12526002011505977 1.7397225015980526
1.1531925132050815 0.6276870641496014 0.8033668143206096 0.22590115479289796 0.17385362878497745 0.14671118987073758 0.33736545955173064 0.7384223358926761 1.018390452416659 0.5248852739892893 0.17109824632205123 0.20158605622014197 0.25042938705399115 0.23116792820879525 0.6304901514272387 0.1346711959361389 0 0.1720020996599499 0.14638350908774142 1.6095983308588515
1.4106510697823065 0.7914965278416562 0.9855652147934866 0.3544475433353054 0.10921396867211941 0.25922981837151265 0.4650111780962734 0.9205860110780429 1.2217605438862116 0.688554386273984 0.08008541082519631 0.2973354771184417 0.13179482610118542 0.36390052947978146 0.7637808174216325 0.14948510140864416 0.1720020996599499 0 0.10415112878465908 1.9121496300308507
1.3335897189396515 0.7626738588707157 0.9394130502081464 0.33325364253249734 0.1140449604596933 0.22794676290092006 0.42040715868343176 0.86777030516736 1.175257745871419 0.6494075444050206 0.09497017320826583 0.2748737083745107 0.15879768911344364 0.33127976351534916 0.7236656952593429 0.12526002011505977 0.14638350908774142 0.10415112878465908 0 1.825
0.44126130406091413 0.73543550676819 0.5808870589717926 1.29433334376461 1.8833867268223388 1.4783018005780257 1.1331286698889371 0.6332377902572627 0.43852900965351466 0.8516003841507555 1.8778193338907108 1.4248967970884563 2.0916633112911405 1.342126720491872 0.7843197564226981 1.7397225015980526 1.6095983308588515 1.9121496300308507 1.825 0
