0 0.5340865729991128 0.4105401941520835 0.38673003154920976 0.19227972416470931 0.10503009863632859 0.38759857461746333 0.5423359852511267 0.7625522304463234 0.42672887612835103 0.5185386280174199 0.33660528689879754 0.5989623113518042 0.7290046951809834 0.2592765123789054 0.7140476428481493 0.8304471605309577 0.6246189918190675 0.4298418344005324 0.4351070923556427
0.5340865729991128 0 0.16044798276776562 0.26179659961150004 0.7150750992005224 0.5895824227512124 0.16313435590406059 0.15509196941912742 0.2501704931535933 0.21586173087972535 0.15164443855770451 0.2343751117587889 0.20176316561302382 0.23582612516858034 0.2987283529777099 0.22614998170255507 0.29865311601568606 0.2092033070092567 0.15944954131848083 0.19160479736682937
0.4105401941520835 0.16044798276776562 0 0.15853196000118275 0.5739642362610289 0.4622737897741252 0.07408428556636254 0.19035247446316028 0.3472192349351985 0.15750196878691483 0.1845528694385633 0.15200899981965513 0.2603047809611125 0.3173001776881493 0.18354947975149558 0.3090239593998556 0.3970586856708403 0.24289195171436787 0.09238631928603724 0.16040150627746735
0.38673003154920976 0.26179659961150004 0.15853196000118275 0 0.5277185688499388 0.42328537290159507 0.15061666287961648 0.21542327086167481 0.42286818581278 0.1551553494879347 0.18617996337205364 0.18530847246896864 0.24516875525184958 0.3616110834880433 0.21095057550667387 0.3672891263092993 0.46340051066914073 0.26188238944231496 0.17304171459581996 0.23849888978799783
0.19227972416470931 0.7150750992005224 0.5739642362610289 0.5277185688499388 0 0.16670434654575036 0.5576374665076489 0.7199914479086065 0.9729167581196636 0.5753319357744598 0.6862619521956128 0.49606566193634166 0.7806703100113552 0.9227198783320866 0.419049831206762 0.9029115498553388 1.0345694296983063 0.8080779160155265 0.5999684611260846 0.6149369740179789
0.10503009863632859 0.5895824227512124 0.4622737897741252 0.42328537290159507 0.16670434654575036 0 0.43919305326176916 0.5943944977315666 0.813600461112802 0.4599681704633208 0.5635106688501206 0.37660979707688713 0.6446899713463603 0.7736421443326913 0.3163498381178977 0.764174805682936 0.8796438221082746 0.6767217305883163 0.4782248873622025 0.4837945254518108
0.38759857461746333 0.16313435590406059 0.07408428556636254 0.15061666287961648 0.5576374665076489 0.43919305326176916 0 0.18670872992500837 0.3530327104868663 0.13472012536871736 0.17605993886027066 0.12143534814378326 0.24960092693824318 0.3245445325452513 0.17181131953142528 0.3161494731820767 0.40370662083536407 0.2511444207459798 0.08631693867501793 0.14270121360253515
0.5423359852511267 0.15509196941912742 0.19035247446316028 0.21542327086167481 0.7199914479086065 0.5943944977315666 0.18670872992500837 0 0.24957711707159327 0.1738051789675613 0.0954456882982373 0.258873577367764 0.13581014186427132 0.21337673348887795 0.31161368890834557 0.21384493227425966 0.29126069322793585 0.14493753861021202 0.1936189526791477 0.2479557136428675
0.7625522304463234 0.2501704931535933 0.3472192349351985 0.42286818581278 0.9729167581196636 0.813600461112802 0.3530327104868663 0.24957711707159327 0 0.3770642680015509 0.2759289645545204 0.43360435757187266 0.23585342974250054 0.11857879532065882 0.5021974428646041 0.11408542570831914 0.11747965829091317 0.20034398898107036 0.33949308622385155 0.3780057532823583
0.42672887612835103 0.21586173087972535 0.15750196878691483 0.1551553494879347 0.5753319357744598 0.4599681704633208 0.13472012536871736 0.1738051789675613 0.3770642680015509 0 0.13602400037831358 0.1971662806992813 0.20215141046456606 0.30626499984272937 0.2348151625185399 0.3170318348113629 0.4178040754417887 0.23758423310005436 0.15652185989886214 0.211970733922872
0.5185386280174199 0.15164443855770451 0.1845528694385633 0.18617996337205364 0.6862619521956128 0.5635106688501206 0.17605993886027066 0.0954456882982373 0.2759289645545204 0.13602400037831358 0 0.24368866248324705 0.13241737651605312 0.21709171247941322 0.29061909685954823 0.2175680628032624 0.31863619874217347 0.15492734017116838 0.1856686794259585 0.23863636363636365
0.33660528689879754 0.2343751117587889 0.15200899981965513 0.18530847246896864 0.49606566193634166 0.37660979707688713 0.12143534814378326 0.258873577367764 0.43360435757187266 0.1971662806992813 0.24368866248324705 0 0.3200880167086362 0.40026977958697013 0.1353459954332924 0.39606274254143864 0.4878021738623775 0.3335697987087467 0.1591557373884463 0.18141267095975058
0.5989623113518042 0.20176316561302382 0.2603047809611125 0.24516875525184958 0.7806703100113552 0.6446899713463603 0.24960092693824318 0.13581014186427132 0.23585342974250054 0.20215141046456606 0.13241737651605312 0.3200880167086362 0 0.17923877712685587 0.3680984365979714 0.18430250299857265 0.27228529650980504 0.12656513386510318 0.24816929880010993 0.2892072266807131
0.7290046951809834 0.23582612516858034 0.3173001776881493 0.3616110834880433 0.9227198783320866 0.7736421443326913 0.3245445325452513 0.21337673348887795 0.11857879532065882 0.30626499984272937 0.21709171247941322 0.40026977958697013 0.17923877712685587 0 0.4670736697624896 0.07547559345333102 0.13949944405311934 0.20079724220365866 0.31721384845626516 0.3165059331941922
0.2592765123789054 0.2987283529777099 0.18354947975149558 0.21095057550667387 0.419049831206762 0.3163498381178977 0.17181131953142528 0.31161368890834557 0.5021974428646041 0.2348151625185399 0.29061909685954823 0.1353459954332924 0.3680984365979714 0.4670736697624896 0 0.4629406233693838 0.556166196417091 0.3866711876466765 0.20267475720002592 0.23249527748763854
0.7140476428481493 0.22614998170255507 0.3090239593998556 0.3672891263092993 0.9029115498553388 0.764174805682936 0.3161494731820767 0.21384493227425966 0.11408542570831914 0.3170318348113629 0.2175680628032624 0.39606274254143864 0.18430250299857265 0.07547559345333102 0.4629406233693838 0 0.13555545029796987 0.18240572088836285 0.3071009540459429 0.3178234261430057
0.8304471605309577 0.29865311601568606 0.3970586856708403 0.46340051066914073 1.0345694296983063 0.8796438221082746 0.40370662083536407 0.29126069322793585 0.11747965829091317 0.4178040754417887 0.31863619874217347 0.4878021738623775 0.27228529650980504 0.13949944405311934 0.556166196417091 0.13555545029796987 0 0.23892882036634336 0.39109592675425026 0.420599782339669
0.6246189918190675 0.2092033070092567 0.24289195171436787 0.26188238944231496 0.8080779160155265 0.6767217305883163 0.2511444207459798 0.14493753861021202 0.20034398898107036 0.23758423310005436 0.15492734017116838 0.3335697987087467 0.12656513386510318 0.20079724220365866 0.3866711876466765 0.18240572088836285 0.23892882036634336 0 0.24547166947587945 0.3059348319765602
0.4298418344005324 0.15944954131848083 0.09238631928603724 0.17304171459581996 0.5999684611260846 0.4782248873622025 0.08631693867501793 0.1936189526791477 0.33949308622385155 0.15652185989886214 0.1856686794259585 0.1591557373884463 0.24816929880010993 0.31721384845626516 0.20267475720002592 0.3071009540459429 0.39109592675425026 0.24547166947587945 0 0.1643847088576169
0.4351070923556427 0.19160479736682937 0.16040150627746735 0.23849888978799783 0.6149369740179789 0.4837945254518108 0.14270121360253515 0.2479557136428675 0.3780057532823583 0.211970733922872 0.23863636363636365 0.18141267095975058 0.2892072266807131 0.3165059331941922 0.23249527748763854 0.3178234261430057 0.420599782339669 0.3059348319765602 0.1643847088576169 0
