0 0.1365308428070857 0.21898277917843545 0.21534933276108248 0.10976921955442194 0.17302440332669675 0.24048114550266692 0.20881952816946897 0.26218805407289236 0.15533411192354932 0.3603502429775501 0.2122842125256685 0.23822661684271887 0.1434994564620563 0.12955760532325983 0.15198716463430295 0.17884259426619523 0.22261116965452413 0.3697240180323331 0.1814303233035216
0.1365308428070857 0 0.21265198856505016 0.21137222575774275 0.16875796994401177 0.14640243583379367 0.2494512579922233 0.2074114196990386 0.2602563150378648 0.17057780403599815 0.3368400790104192 0.1778870129574891 0.20347051957531523 0.18868341867708965 0.15301620255270504 0.16336633663366337 0.181132998841371 0.2181779499233663 0.35340568875499373 0.23322606380674313
0.21898277917843545 0.21265198856505016 0 0.14889607276832376 0.20030454909173775 0.17503226052101095 0.21133883443422216 0.12232727329593167 0.15251181527091764 0.13283389895848832 0.22293036819928003 0.16301357788057588 0.18191364782787325 0.19032051072914774 0.213429284533701 0.17459847482183066 0.11550289569389302 0.15474901023363394 0.23760507980486514 0.22369609110920677
0.21534933276108248 0.21137222575774275 0.14889607276832376 0 0.22280136767578929 0.23197186310764467 0.2855966729673647 0.17833360519915054 0.1665662277629333 0.12777531299998798 0.23512088632746048 0.22599275933694704 0.24109182893329612 0.14351217607175729 0.2424512501424816 0.17577269299854398 0.15029382986043588 0.15766315669701428 0.24282796760955822 0.1503508602101075
0.10976921955442194 0.16875796994401177 0.20030454909173775 0.22280136767578929 0 0.1691772450497028 0.2377643306649656 0.2377637900720245 0.263939207455609 0.1489044640961315 0.3748676983400685 0.21729368950212608 0.25616385175471224 0.18553989810589674 0.12708928118947888 0.15030006698138548 0.165746154454138 0.2392575589737021 0.388304191518083 0.18571171105537973
0.17302440332669675 0.14640243583379367 0.17503226052101095 0.23197186310764467 0.1691772450497028 0 0.1737335463083504 0.19210621642721581 0.2191584490829134 0.1710016004755942 0.3225852427964236 0.15217405350429367 0.18079694203993402 0.2206775644261223 0.09619772206491194 0.14392103861627176 0.14666320798326965 0.20585412496682326 0.3338799424060117 0.2739539289600473
0.24048114550266692 0.2494512579922233 0.21133883443422216 0.2855966729673647 0.2377643306649656 0.1737335463083504 0 0.21763547489701895 0.3158426385146244 0.24378400930961036 0.3852755923625158 0.17864249933243395 0.19377126366537284 0.2951076259633146 0.1815820027905709 0.17855458466811774 0.214321473053417 0.30632885785612485 0.4004181866057464 0.34737626923970066
0.20881952816946897 0.2074114196990386 0.12232727329593167 0.17833360519915054 0.2377637900720245 0.19210621642721581 0.21763547489701895 0 0.18584185893359936 0.17262600168740713 0.2399523276772153 0.13177681790357884 0.1453095355409227 0.22032578984893028 0.2267685604350514 0.18712117211978482 0.15228659385340496 0.1733911366086673 0.2527886844664251 0.25962915528757197
0.26218805407289236 0.2602563150378648 0.15251181527091764 0.1665662277629333 0.263939207455609 0.2191584490829134 0.3158426385146244 0.18584185893359936 0 0.18732274133312665 0.159869174257865 0.23142677153068886 0.2353297430877641 0.22789236996153572 0.2596001851860534 0.24359991087544142 0.1816596828588025 0.11155139426072291 0.16808793922144444 0.19815932604929348
0.15533411192354932 0.17057780403599815 0.13283389895848832 0.12777531299998798 0.1489044640961315 0.1710016004755942 0.24378400930961036 0.17262600168740713 0.18732274133312665 0 0.2719687872507317 0.1975029649151584 0.2213044820667491 0.12965777022035072 0.17376201171422895 0.14925557853149837 0.13113734120262316 0.16787882662939294 0.28335542983070544 0.153328253424313
0.3603502429775501 0.3368400790104192 0.22293036819928003 0.23512088632746048 0.3748676983400685 0.3225852427964236 0.3852755923625158 0.2399523276772153 0.159869174257865 0.2719687872507317 0 0.2903093008857583 0.27949113732050684 0.30711971747009376 0.36279001520977455 0.31614040935056104 0.25952093912325797 0.17074660554911675 0.1083135995034998 0.2865589422449819
0.2122842125256685 0.1778870129574891 0.16301357788057588 0.22599275933694704 0.21729368950212608 0.15217405350429367 0.17864249933243395 0.13177681790357884 0.23142677153068886 0.1975029649151584 0.2903093008857583 0 0.08197565403165223 0.22484084683275465 0.1838998911377446 0.16128422508145676 0.15798856982605516 0.22750869954430633 0.3049530350353418 0.25282746784263677
0.23822661684271887 0.20347051957531523 0.18191364782787325 0.24109182893329612 0.25616385175471224 0.18079694203993402 0.19377126366537284 0.1453095355409227 0.2353297430877641 0.2213044820667491 0.27949113732050684 0.08197565403165223 0 0.24178151719939123 0.21076808410101547 0.1942218595946191 0.18221429614159113 0.2297781414213732 0.2990105136128909 0.2728750072759164
0.1434994564620563 0.18868341867708965 0.19032051072914774 0.14351217607175729 0.18553989810589674 0.2206775644261223 0.2951076259633146 0.22032578984893028 0.22789236996153572 0.12965777022035072 0.30711971747009376 0.22484084683275465 0.24178151719939123 0 0.21543925207150103 0.17658832773625055 0.17701826354456116 0.19022718274738715 0.32548664423471263 0.11281282298630414
0.12955760532325983 0.15301620255270504 0.213429284533701 0.2424512501424816 0.12708928118947888 0.09619772206491194 0.1815820027905709 0.2267685604350514 0.2596001851860534 0.17376201171422895 0.36279001520977455 0.1838998911377446 0.21076808410101547 0.21543925207150103 0 0.14264222271862334 0.17518714874213515 0.23308310635732368 0.37416593957730554 0.24683609167076145
0.15198716463430295 0.16336633663366337 0.17459847482183066 0.17577269299854398 0.15030006698138548 0.14392103861627176 0.17855458466811774 0.18712117211978482 0.24359991087544142 0.14925557853149837 0.31614040935056104 0.16128422508145676 0.1942218595946191 0.17658832773625055 0.14264222271862334 0 0.13004420429636893 0.1967879548328402 0.334902773113371 0.2308702449804124
0.17884259426619523 0.181132998841371 0.11550289569389302 0.15029382986043588 0.165746154454138 0.14666320798326965 0.214321473053417 0.15228659385340496 0.1816596828588025 0.13113734120262316 0.25952093912325797 0.15798856982605516 0.18221429614159113 0.17701826354456116 0.17518714874213515 0.13004420429636893 0 0.15853388992060843 0.2760079763429107 0.21217658782899598
0.22261116965452413 0.2181779499233663 0.15474901023363394 0.15766315669701428 0.2392575589737021 0.20585412496682326 0.30632885785612485 0.1733911366086673 0.11155139426072291 0.16787882662939294 0.17074660554911675 0.22750869954430633 0.2297781414213732 0.19022718274738715 0.23308310635732368 0.1967879548328402 0.15853388992060843 0 0.19027388260146808 0.19340047811057381
0.3697240180323331 0.35340568875499373 0.23760507980486514 0.24282796760955822 0.388304191518083 0.3338799424060117 0.4004181866057464 0.2527886844664251 0.16808793922144444 0.28335542983070544 0.1083135995034998 0.3049530350353418 0.2990105136128909 0.32548664423471263 0.37416593957730554 0.334902773113371 0.2760079763429107 0.19027388260146808 0 0.2940897533667401
0.1814303233035216 0.23322606380674313 0.22369609110920677 0.1503508602101075 0.18571171105537973 0.2739539289600473 0.34737626923970066 0.25962915528757197 0.19815932604929348 0.153328253424313 0.2865589422449819 0.25282746784263677 0.2728750072759164 0.11281282298630414 0.24683609167076145 0.2308702449804124 0.21217658782899598 0.19340047811057381 0.2940897533667401 0
