0 0.22524169024961155 0.18873814155776966 0.2075270047526443 0.18294633620538397 0.2186870084203477 0.26696990794748837 0.3224364030715853 0.25425011852882534 0.3260780136118001 0.22759926526353738 0.17116538865436562 0.27303757511558513 0.23719324459345678 0.22160875976171457 0.20278677407781417 0.22785029848408653 0.24180031675862243 0.35806035452728013 0.3074965085289952
0.22524169024961155 0 0.2981240458229626 0.16559559904146734 0.22392296163747172 0.182411391165291 0.20188490131753728 0.21035804364635396 0.20482123696683016 0.20485694268529678 0.19006759160654937 0.26005012521832715 0.38345045611840156 0.178185932434826 0.16558441558441558 0.17152193380035244 0.3449243142148902 0.35739145810217543 0.2635284738499084 0.19670603828400696
0.18873814155776966 0.2981240458229626 0 0.25208875086320587 0.19753772253606844 0.30303220382774776 0.32152391960486354 0.4038577142021257 0.3170611230775376 0.4043751490257443 0.2981254599093037 0.15709458024757608 0.20005265236368697 0.319211112897337 0.3020467306364226 0.2541506835391826 0.170709922335952 0.16066816219854305 0.4418496448168177 0.4019210477890963
0.2075270047526443 0.16559559904146734 0.25208875086320587 0 0.2139141899955673 0.17278131494626164 0.24025925841634202 0.22927693556422968 0.2350482433433205 0.23545712017277254 0.1768748409664335 0.2496649812711895 0.3466974855907322 0.1942972315935113 0.17221942300312604 0.15185571089400846 0.3052162950663153 0.30945541027556966 0.2770462957213339 0.25081713768429736
0.18294633620538397 0.22392296163747172 0.19753772253606844 0.2139141899955673 0 0.2317854027499402 0.23105628784377077 0.31546055251940175 0.23823892454806622 0.3127060829007788 0.26282974218231014 0.1590891449743057 0.30052176621345156 0.24215124901646753 0.23814029253508898 0.20194236918474237 0.24566782085132333 0.23201960858180537 0.3503137865279789 0.3135109904945869
0.2186870084203477 0.182411391165291 0.30303220382774776 0.17278131494626164 0.2317854027499402 0 0.18719937066504727 0.24573659359149522 0.18622485689571178 0.23447254757350777 0.17396072327913506 0.26473532192177524 0.39781634587878706 0.16952070700017502 0.1954407762485261 0.21753705387390515 0.350218955291982 0.350218955291982 0.27517963357590003 0.21476086459202165
0.26696990794748837 0.20188490131753728 0.32152391960486354 0.24025925841634202 0.23105628784377077 0.18719937066504727 0 0.21447366597479986 0.1477412303956777 0.20387511662509486 0.23247462541669944 0.28463340400613035 0.43925932017217795 0.15050793076348584 0.22635579844693574 0.22257545805042145 0.3680308219143643 0.36411560040463703 0.20774278261329035 0.16897057785635505
0.3224364030715853 0.21035804364635396 0.4038577142021257 0.22927693556422968 0.31546055251940175 0.24573659359149522 0.21447366597479986 0 0.25563746344999216 0.16901422305220526 0.2515585723181188 0.37336002695815007 0.5143576542962164 0.1799601454718422 0.21612127771885684 0.22691221002877646 0.44629093642454915 0.46104435581048464 0.1670653907523115 0.17971891935142098
0.25425011852882534 0.20482123696683016 0.3170611230775376 0.2350482433433205 0.23823892454806622 0.18622485689571178 0.1477412303956777 0.25563746344999216 0 0.24743282750114692 0.21693162960181123 0.2638711572132509 0.42091886376592996 0.1786665120950222 0.2272235597600772 0.22010941153827487 0.3440889534209138 0.3318000622273097 0.24650750550753278 0.19959632747439615
0.3260780136118001 0.20485694268529678 0.4043751490257443 0.23545712017277254 0.3127060829007788 0.23447254757350777 0.20387511662509486 0.16901422305220526 0.24743282750114692 0 0.26077079013514215 0.3704398564216427 0.5111443592620367 0.1856510406243755 0.23659534225625825 0.2329549099599356 0.4579419794246507 0.4653281403831128 0.16966914631358818 0.16709566780534052
0.22759926526353738 0.19006759160654937 0.2981254599093037 0.1768748409664335 0.26282974218231014 0.17396072327913506 0.23247462541669944 0.2515585723181188 0.21693162960181123 0.26077079013514215 0 0.26707977380958847 0.3848654897044225 0.2208652509187355 0.20674018736150984 0.18612973300290606 0.3585163247540156 0.3457121702985151 0.30379322825426547 0.24955828793370427
0.17116538865436562 0.26005012521832715 0.15709458024757608 0.2496649812711895 0.1590891449743057 0.26473532192177524 0.28463340400613035 0.37336002695815007 0.2638711572132509 0.3704398564216427 0.26707977380958847 0 0.2360930970545149 0.27501595100683146 0.2676986583129838 0.24396225547864417 0.16642689288884197 0.17132180150321968 0.42442908826340403 0.35435697797123883
0.27303757511558513 0.38345045611840156 0.20005265236368697 0.3466974855907322 0.30052176621345156 0.39781634587878706 0.43925932017217795 0.5143576542962164 0.42091886376592996 0.5111443592620367 0.3848654897044225 0.2360930970545149 0 0.42467818072929353 0.3921652392120016 0.36483826683993004 0.19520505707799093 0.1896277697329055 0.5666024221134136 0.5046955021480446
0.23719324459345678 0.178185932434826 0.319211112897337 0.1942972315935113 0.24215124901646753 0.16952070700017502 0.15050793076348584 0.1799601454718422 0.1786665120950222 0.1856510406243755 0.2208652509187355 0.27501595100683146 0.42467818072929353 0 0.18740244618145493 0.18067245399868923 0.36569986720644904 0.36569986720644904 0.1933798417485551 0.1560198196656641
0.22160875976171457 0.16558441558441558 0.3020467306364226 0.17221942300312604 0.23814029253508898 0.1954407762485261 0.22635579844693574 0.21612127771885684 0.2272235597600772 0.23659534225625825 0.20674018736150984 0.2676986583129838 0.3921652392120016 0.18740244618145493 0 0.17799445960413934 0.3407685995857952 0.3490800288439853 0.2742847380886802 0.21984792514094895
0.20278677407781417 0.17152193380035244 0.2541506835391826 0.15185571089400846 0.20194236918474237 0.21753705387390515 0.22257545805042145 0.22691221002877646 0.22010941153827487 0.2329549099599356 0.18612973300290606 0.24396225547864417 0.36483826683993004 0.18067245399868923 0.17799445960413934 0 0.31067155546341263 0.30238698065105496 0.2599966288252656 0.2364379268414555
0.22785029848408653 0.3449243142148902 0.170709922335952 0.3052162950663153 0.24566782085132333 0.350218955291982 0.3680308219143643 0.44629093642454915 0.3440889534209138 0.4579419794246507 0.3585163247540156 0.16642689288884197 0.19520505707799093 0.36569986720644904 0.3407685995857952 0.31067155546341263 0 0.15425531914893617 0.505958899890056 0.4517155522211373
0.24180031675862243 0.35739145810217543 0.16066816219854305 0.30945541027556966 0.23201960858180537 0.350218955291982 0.36411560040463703 0.46104435581048464 0.3318000622273097 0.4653281403831128 0.3457121702985151 0.17132180150321968 0.1896277697329055 0.36569986720644904 0.3490800288439853 0.30238698065105496 0.15425531914893617 0 0.4990751053337288 0.4554181387147532
0.35806035452728013 0.2635284738499084 0.4418496448168177 0.2770462957213339 0.3503137865279789 0.27517963357590003 0.20774278261329035 0.1670653907523115 0.24650750550753278 0.16966914631358818 0.30379322825426547 0.42442908826340403 0.5666024221134136 0.1933798417485551 0.2742847380886802 0.2599966288252656 0.505958899890056 0.4990751053337288 0 0.1748975906682141
0.3074965085289952 0.19670603828400696 0.4019210477890963 0.25081713768429736 0.3135109904945869 0.21476086459202165 0.16897057785635505 0.17971891935142098 0.19959632747439615 0.16709566780534052 0.24955828793370427 0.35435697797123883 0.5046955021480446 0.1560198196656641 0.21984792514094895 0.2364379268414555 0.4517155522211373 0.4554181387147532 0.1748975906682141 0
