0 0.13279704949452023 0.20749965128642917 0.23768719966018714 0.3078581594671932 0.12303137303143455 0.1718126278613831 0.12400506171435845 0.12116192578882784 0.21539238217522974 0.18984442197767074 0.14517514621821878 0.22871266700111081 0.2033570468956769 0.15423674659221998 0.14250670387541028 0.19604882223586206 0.24562091032366304 0.2860842569204196 0.11233643359579606
0.13279704949452023 0 0.1895331961267751 0.24050401146119482 0.3102813222179645 0.10298019071022767 0.17610152618548994 0.10725503104929676 0.10007038674472547 0.2149594322255672 0.11887863514587907 0.18574786741543603 0.24148499722498043 0.2126124928181854 0.1905759423502584 0.1604536243536842 0.19914858874326133 0.23850214000731798 0.2917159346196778 0.17678984196644248
0.20749965128642917 0.1895331961267751 0 0.1209315525051736 0.17280634788558594 0.18346240692469187 0.3078108959290364 0.2163149068387598 0.21864344440301864 0.33815817028666184 0.15259579403156356 0.1590892320754599 0.10986054887109446 0.35051375782051425 0.14413455764696495 0.11792053816623936 0.1374060213981449 0.12448559884563791 0.16002033826393505 0.26756091539062965
0.23768719966018714 0.24050401146119482 0.1209315525051736 0 0.10980116541851306 0.2241961993674532 0.36496361336548616 0.24703927072965257 0.2668011828738231 0.395789417366436 0.1950440101034057 0.1767586341562114 0.08412552735233647 0.40432918116047556 0.15333232461445087 0.15855193115763117 0.11178043516803399 0.06250092304738561 0.09165024098794267 0.2971334519846062
0.3078581594671932 0.3102813222179645 0.17280634788558594 0.10980116541851306 0 0.2880092164423916 0.445797935510091 0.33433582231625525 0.34109307382015175 0.4812275054726822 0.2279258901736889 0.24199538956712646 0.10523771105656836 0.4904510968758757 0.21930404004316692 0.20716335088673635 0.1878951348004452 0.13298126568427265 0.07051936004554095 0.37560044663335984
0.12303137303143455 0.10298019071022767 0.18346240692469187 0.2241961993674532 0.2880092164423916 0 0.19652946398416635 0.13832571791712536 0.10280495233746391 0.24497796746943296 0.12090589123811328 0.1905183740721785 0.218585720719475 0.2192166948531192 0.20963916283776207 0.12228000925029266 0.2343100847284878 0.23195184073588426 0.2723967969488804 0.17860862707794006
0.1718126278613831 0.17610152618548994 0.3078108959290364 0.36496361336548616 0.445797935510091 0.19652946398416635 0 0.15708587487024017 0.1347197406608997 0.1102434659256059 0.2529208972819312 0.2700680767586723 0.36645225426937833 0.06133489956167505 0.27488874543511493 0.25247999657435144 0.31849919503270435 0.35548526403556646 0.42256466321715563 0.14927035850663303
0.12400506171435845 0.10725503104929676 0.2163149068387598 0.24703927072965257 0.33433582231625525 0.13832571791712536 0.15708587487024017 0 0.11135541903823941 0.17173377199537554 0.1755316097762355 0.15645208697447077 0.27183223342258583 0.20846303937621094 0.16187391107276322 0.2022713098604979 0.20097131608318566 0.25178808544898795 0.3123935415950612 0.11958615077686513
0.12116192578882784 0.10007038674472547 0.21864344440301864 0.2668011828738231 0.34109307382015175 0.10280495233746391 0.1347197406608997 0.11135541903823941 0 0.18350140769844814 0.15042226457012298 0.20827698171247797 0.2678894315087221 0.16555554316830998 0.2130818422363295 0.1741599816429463 0.2357813324838333 0.2682551510394287 0.3189783279309423 0.15668779856049062
0.21539238217522974 0.2149594322255672 0.33815817028666184 0.395789417366436 0.4812275054726822 0.24497796746943296 0.1102434659256059 0.17173377199537554 0.18350140769844814 0 0.3004734366971144 0.28279852865610766 0.4013384838854985 0.12644513471471827 0.28334883318062587 0.3123005082694908 0.3366128849567001 0.39400626128204935 0.46140856464456736 0.16412198797244362
0.18984442197767074 0.11887863514587907 0.15259579403156356 0.1950440101034057 0.2279258901736889 0.12090589123811328 0.2529208972819312 0.1755316097762355 0.15042226457012298 0.3004734366971144 0 0.1718213058419244 0.17135962393458198 0.28159817216773453 0.1661169663524203 0.11131763575726207 0.187449182228328 0.18691441585529092 0.2210427134452325 0.25128535551620834
0.14517514621821878 0.18574786741543603 0.1590892320754599 0.1767586341562114 0.24199538956712646 0.1905183740721785 0.2700680767586723 0.15645208697447077 0.20827698171247797 0.28279852865610766 0.1718213058419244 0 0.1774796105036742 0.3173566702207802 0.08475355426143892 0.1517967760326301 0.10988400337522676 0.189978586607017 0.22678408262562813 0.18746685252796494
0.22871266700111081 0.24148499722498043 0.10986054887109446 0.08412552735233647 0.10523771105656836 0.218585720719475 0.36645225426937833 0.27183223342258583 0.2678894315087221 0.4013384838854985 0.17135962393458198 0.1774796105036742 0 0.4099585695759665 0.16905164483758295 0.13516866054519885 0.16115992102906798 0.09276952698600767 0.09713651923155589 0.29834542214913884
0.2033570468956769 0.2126124928181854 0.35051375782051425 0.40432918116047556 0.4904510968758757 0.2192166948531192 0.06133489956167505 0.20846303937621094 0.16555554316830998 0.12644513471471827 0.28159817216773453 0.3173566702207802 0.4099585695759665 0 0.3307207512256844 0.29397277213932455 0.37413456603163775 0.40254701227290984 0.4704768884794175 0.18158373518970133
0.15423674659221998 0.1905759423502584 0.14413455764696495 0.15333232461445087 0.21930404004316692 0.20963916283776207 0.27488874543511493 0.16187391107276322 0.2130818422363295 0.28334883318062587 0.1661169663524203 0.08475355426143892 0.16905164483758295 0.3307207512256844 0 0.1564079386272691 0.08289718913947633 0.16928243217348862 0.19824142843455184 0.19281180056536998
0.14250670387541028 0.1604536243536842 0.11792053816623936 0.15855193115763117 0.20716335088673635 0.12228000925029266 0.25247999657435144 0.2022713098604979 0.1741599816429463 0.3123005082694908 0.11131763575726207 0.1517967760326301 0.13516866054519885 0.29397277213932455 0.1564079386272691 0 0.17765875181951946 0.15941598077695956 0.18598265216283466 0.20751310203293163
0.19604882223586206 0.19914858874326133 0.1374060213981449 0.11178043516803399 0.1878951348004452 0.2343100847284878 0.31849919503270435 0.20097131608318566 0.2357813324838333 0.3366128849567001 0.187449182228328 0.10988400337522676 0.16115992102906798 0.37413456603163775 0.08289718913947633 0.17765875181951946 0 0.11815316645890458 0.16198890656958737 0.2288258111082247
0.24562091032366304 0.23850214000731798 0.12448559884563791 0.06250092304738561 0.13298126568427265 0.23195184073588426 0.35548526403556646 0.25178808544898795 0.2682551510394287 0.39400626128204935 0.18691441585529092 0.189978586607017 0.09276952698600767 0.40254701227290984 0.16928243217348862 0.15941598077695956 0.11815316645890458 0 0.10750798454701405 0.3200921998322399
0.2860842569204196 0.2917159346196778 0.16002033826393505 0.09165024098794267 0.07051936004554095 0.2723967969488804 0.42256466321715563 0.3123935415950612 0.3189783279309423 0.46140856464456736 0.2210427134452325 0.22678408262562813 0.09713651923155589 0.4704768884794175 0.19824142843455184 0.18598265216283466 0.16198890656958737 0.10750798454701405 0 0.35652408554297327
0.11233643359579606 0.17678984196644248 0.26756091539062965 0.2971334519846062 0.37560044663335984 0.17860862707794006 0.14927035850663303 0.11958615077686513 0.15668779856049062 0.16412198797244362 0.25128535551620834 0.18746685252796494 0.29834542214913884 0.18158373518970133 0.19281180056536998 0.20751310203293163 0.2288258111082247 0.3200921998322399 0.35652408554297327 0
