0 0.31650606753201793 0.08787149313998173 0.16033506139830747 0.10072659303317581 0.27607572358173005 0.17472442357054466 0.07260765615491875 0.07670903406482969 0.20875339913729823 0.26218941013778485 0.1618091678057845 0.08111071056538126 0.17293796320665233 0.20686418924693753 0.17518878057701445 0.12093595856020034 0.1546158424985292 0.2906650409111924 0.07513829479387685
0.31650606753201793 0 0.27836692760421866 0.2549549791363638 0.29813321636424706 0.5848478285160778 0.46825808718001105 0.327475883042921 0.2835064432987453 0.132143434889776 0.5727878151572585 0.18244839083698272 0.2626446354429444 0.2241341333123173 0.14322387417569732 0.16992224650113671 0.40641130131836983 0.2696420561033499 0.11116334262363346 0.36456305286659313
0.08787149313998173 0.27836692760421866 0 0.1353151891268371 0.11411462865967739 0.3272364663825907 0.23916811388703896 0.13224296731070706 0.10367588416545455 0.18867572105390715 0.3126718029511902 0.1378315563254137 0.0773823232534137 0.14792080042349848 0.18177465186320158 0.15096149413306992 0.1696719679050382 0.12980763031677162 0.2627091889555922 0.11730180993201485
0.16033506139830747 0.2549549791363638 0.1353151891268371 0 0.16522696889456953 0.3528787735930565 0.3204328529729354 0.19798781059055512 0.16178109649282885 0.1390312622815647 0.38400237897890743 0.08666900646049064 0.09942200508911535 0.07266653241764137 0.18880008490903025 0.1536177274784192 0.20671260790690665 0.06956550962258239 0.238993831696603 0.179277349763991
0.10072659303317581 0.29813321636424706 0.11411462865967739 0.16522696889456953 0 0.3202152570033774 0.20354083960790276 0.07579468081067782 0.10398769203990861 0.22078369613154492 0.2979315628291595 0.16589530590942433 0.10149660720775122 0.17689753678797843 0.17190298127816667 0.1622309085958191 0.20421871282803172 0.15978849146970564 0.2781381432059142 0.15687279750249045
0.27607572358173005 0.5848478285160778 0.3272364663825907 0.3528787735930565 0.3202152570033774 0 0.2028630460520778 0.3021691342812379 0.3170207887831363 0.46105396573580254 0.13544606353375924 0.38947432178119923 0.3173603834642441 0.3791579908938415 0.4638038919849996 0.4168026356679775 0.1990155805692835 0.3224450442035357 0.5511816344731314 0.2432117475103865
0.17472442357054466 0.46825808718001105 0.23916811388703896 0.3204328529729354 0.20354083960790276 0.2028630460520778 0 0.14481471758166045 0.19929591659972518 0.37425821263073383 0.12299229029889693 0.31362618783792096 0.23774870601689155 0.34429579176022873 0.3520133336555333 0.31322412271011585 0.15607361839521233 0.30708019410902276 0.45339637018543755 0.1892994097121204
0.07260765615491875 0.327475883042921 0.13224296731070706 0.19798781059055512 0.07579468081067782 0.3021691342812379 0.14481471758166045 0 0.10261682445357281 0.253536862248599 0.25483564953002164 0.1855360864052888 0.12519822442633222 0.2153913027047065 0.20754803967166977 0.18143785148011513 0.1641601295704932 0.18615236477366343 0.3172071407266873 0.12336003250126083
0.07670903406482969 0.2835064432987453 0.10367588416545455 0.16178109649282885 0.10398769203990861 0.3170207887831363 0.19929591659972518 0.10261682445357281 0 0.21351028807429334 0.30252245825519153 0.15160646207513426 0.09699820384481239 0.1796233912922961 0.18513077496359495 0.15374871090139677 0.1658924524539177 0.14422285225885334 0.2675596142965413 0.13274173852535465
0.20875339913729823 0.132143434889776 0.18867572105390715 0.1390312622815647 0.22078369613154492 0.46105396573580254 0.37425821263073383 0.253536862248599 0.21351028807429334 0 0.4515466773185428 0.06755642758207 0.15629664495659915 0.11452854016044177 0.0772759205585634 0.08493968540013691 0.2910691362214338 0.15492759687381652 0.11922560199414817 0.23955844604774199
0.26218941013778485 0.5727878151572585 0.3126718029511902 0.38400237897890743 0.2979315628291595 0.13544606353375924 0.12299229029889693 0.25483564953002164 0.30252245825519153 0.4515466773185428 0 0.38144306083676505 0.3108161675545264 0.4084734067150286 0.44746019799760667 0.4152459100835235 0.2126309735815002 0.362010024325829 0.5461666186399612 0.24670355272981423
0.1618091678057845 0.18244839083698272 0.1378315563254137 0.08666900646049064 0.16589530590942433 0.38947432178119923 0.31362618783792096 0.1855360864052888 0.15160646207513426 0.06755642758207 0.38144306083676505 0 0.09316921921495876 0.08904918398467135 0.1147629336372524 0.07942427503593895 0.22495606755791375 0.11408326926750431 0.16573275524407152 0.18600260405468527
0.08111071056538126 0.2626446354429444 0.0773823232534137 0.09942200508911535 0.10149660720775122 0.3173603834642441 0.23774870601689155 0.12519822442633222 0.09699820384481239 0.15629664495659915 0.3108161675545264 0.09316921921495876 0 0.12442093604664439 0.16004490547411349 0.12862763340768327 0.16191840356437462 0.09971060367901075 0.2369695081510357 0.11660565060921033
0.17293796320665233 0.2241341333123173 0.14792080042349848 0.07266653241764137 0.17689753678797843 0.3791579908938415 0.34429579176022873 0.2153913027047065 0.1796233912922961 0.11452854016044177 0.4084734067150286 0.08904918398467135 0.12442093604664439 0 0.1727053109250524 0.14342952394475353 0.22568905807670636 0.08408938406769893 0.21724597214494845 0.19813197004559838
0.20686418924693753 0.14322387417569732 0.18177465186320158 0.18880008490903025 0.17190298127816667 0.4638038919849996 0.3520133336555333 0.20754803967166977 0.18513077496359495 0.0772759205585634 0.44746019799760667 0.1147629336372524 0.16004490547411349 0.1727053109250524 0 0.07481865302549416 0.30020782822028497 0.1995831608359083 0.13080518097867888 0.25434691255526276
0.17518878057701445 0.16992224650113671 0.15096149413306992 0.1536177274784192 0.1622309085958191 0.4168026356679775 0.31322412271011585 0.18143785148011513 0.15374871090139677 0.08493968540013691 0.4152459100835235 0.07942427503593895 0.12862763340768327 0.14342952394475353 0.07481865302549416 0 0.2566516165501773 0.17531380116194656 0.1489309796561199 0.21709936718877632
0.12093595856020034 0.40641130131836983 0.1696719679050382 0.20671260790690665 0.20421871282803172 0.1990155805692835 0.15607361839521233 0.1641601295704932 0.1658924524539177 0.2910691362214338 0.2126309735815002 0.22495606755791375 0.16191840356437462 0.22568905807670636 0.30020782822028497 0.2566516165501773 0 0.1939376363624485 0.37495312365370553 0.08124777054308319
0.1546158424985292 0.2696420561033499 0.12980763031677162 0.06956550962258239 0.15978849146970564 0.3224450442035357 0.30708019410902276 0.18615236477366343 0.14422285225885334 0.15492759687381652 0.362010024325829 0.11408326926750431 0.09971060367901075 0.08408938406769893 0.1995831608359083 0.17531380116194656 0.1939376363624485 0 0.2492750772947606 0.16053370495687586
0.2906650409111924 0.11116334262363346 0.2627091889555922 0.238993831696603 0.2781381432059142 0.5511816344731314 0.45339637018543755 0.3172071407266873 0.2675596142965413 0.11922560199414817 0.5461666186399612 0.16573275524407152 0.2369695081510357 0.21724597214494845 0.13080518097867888 0.1489309796561199 0.37495312365370553 0.2492750772947606 0 0.3388520809543284
0.07513829479387685 0.36456305286659313 0.11730180993201485 0.179277349763991 0.15687279750249045 0.2432117475103865 0.1892994097121204 0.12336003250126083 0.13274173852535465 0.23955844604774199 0.24670355272981423 0.18600260405468527 0.11660565060921033 0.19813197004559838 0.25434691255526276 0.21709936718877632 0.08124777054308319 0.16053370495687586 0.3388520809543284 0
