0 0.44871794871794873 0.39688719662555194 0.8928153310992754 0.6537204504606134 0.2340324297803612 0.554700196225229 0.5566744311557067 0.6242697309189454 0.596145683632248 0.9081415530886533 0.8448961209910744 0.5094557874106656 0.29399051601892734 0.26033965402846776 0.49603025115883975 0.43777227223091403 0.26519741765271837 0.32889675724013595 0.7632939309947075
0.44871794871794873 0 0.21559304508054675 0.42598378542645166 0.23243393794155143 0.22883170911857542 0.2388292511525292 0.19691884639521598 0.20808991030631518 0.17996850826633903 0.43979182130708366 0.3876225931428585 0.197463483492506 0.16659462574405887 0.25523495492987036 0.1966246040629635 0.08583770043743413 0.28729720245711154 0.5993229798598032 0.37359534175268383
0.39688719662555194 0.21559304508054675 0 0.5687050197822184 0.3997502341311261 0.16696271057233472 0.4151658363358243 0.3386697986036515 0.34554152296210455 0.3009201343578976 0.595930678317232 0.5347093291164488 0.37130309543825607 0.1348314606741573 0.24582008540292924 0.1639581806261112 0.22636216451394992 0.19004096880261104 0.45252102812894385 0.5391309281980756
0.8928153310992754 0.42598378542645166 0.5687050197822184 0 0.27771136877708114 0.6391342674518058 0.30507729483060486 0.2999148697809959 0.2498499525715 0.3430173978190352 0.07019157681426945 0.0992422085271885 0.32355946307674094 0.5687050197822184 0.6133930984191318 0.5247708485941974 0.4219554892993522 0.7016120960298431 1.1177666976781186 0.1671141120482457
0.6537204504606134 0.23243393794155143 0.3997502341311261 0.27771136877708114 0 0.424297218227056 0.1702294102856503 0.1416028646666314 0.13415631776517709 0.1911797782254681 0.2912346855536793 0.23676765013506285 0.19466156340639038 0.3664377146201989 0.4077870449313603 0.35698376189065745 0.2261388565917444 0.4695301415158425 0.8447367914999205 0.2353842164503589
0.2340324297803612 0.22883170911857542 0.16696271057233472 0.6391342674518058 0.424297218227056 0 0.3937807653241084 0.34103193107649415 0.3929569045963056 0.36502671637049233 0.6533767289011391 0.5970263684279369 0.35565416159143126 0.10733317108221517 0.14909420864112788 0.26103924653015514 0.22981593606550416 0.12102635224824873 0.4091516385047715 0.5408812603431
0.554700196225229 0.2388292511525292 0.4151658363358243 0.30507729483060486 0.1702294102856503 0.3937807653241084 0 0.12288478807785606 0.17463386828392488 0.22305445405479848 0.32434608318798813 0.2729674092001743 0.07119647147639674 0.32683267966862767 0.3220919510516358 0.3464139085746961 0.21664456120656053 0.4581709669115176 0.7905694150420948 0.20321379583505517
0.5566744311557067 0.19691884639521598 0.3386697986036515 0.2999148697809959 0.1416028646666314 0.34103193107649415 0.12288478807785606 0 0.12081098429938977 0.17941090461608158 0.30873513415654025 0.26298137109672276 0.1259850716534612 0.27788291167479096 0.3166416091725076 0.3009529284115511 0.17494668080515174 0.40145946592457005 0.7253788642111757 0.22260651090098538
0.6242697309189454 0.20808991030631518 0.34554152296210455 0.2498499525715 0.13415631776517709 0.3929569045963056 0.17463386828392488 0.12081098429938977 0 0.1510898895497637 0.26852414184229006 0.2135587085366223 0.1657775362945238 0.32908716472581384 0.3771305428771969 0.31513987436076024 0.20898492480363437 0.45456188360232797 0.7854091098781056 0.21090018117456483
0.596145683632248 0.17996850826633903 0.3009201343578976 0.3430173978190352 0.1911797782254681 0.36502671637049233 0.22305445405479848 0.17941090461608158 0.1510898895497637 0 0.3507725503530131 0.3028831415329891 0.2009629144137057 0.31811557060692036 0.40307307969376044 0.2352380506679271 0.2108663315950723 0.41686711970209617 0.7438343052617368 0.29386505129047585
0.9081415530886533 0.43979182130708366 0.595930678317232 0.07019157681426945 0.2912346855536793 0.6533767289011391 0.32434608318798813 0.30873513415654025 0.26852414184229006 0.3507725503530131 0 0.10118389715662782 0.343085550379737 0.5762846119990815 0.6276683868080146 0.5375266177660601 0.4359472596098733 0.716262259834822 1.084282222915832 0.1635683756210167
0.8448961209910744 0.3876225931428585 0.5347093291164488 0.0992422085271885 0.23676765013506285 0.5970263684279369 0.2729674092001743 0.26298137109672276 0.2135587085366223 0.3028831415329891 0.10118389715662782 0 0.2910483218538774 0.5138764981119117 0.5715341754641079 0.4749975986293215 0.38320714174231496 0.6577370490941444 1.025480103200489 0.14606239166623558
0.5094557874106656 0.197463483492506 0.37130309543825607 0.32355946307674094 0.19466156340639038 0.35565416159143126 0.07119647147639674 0.1259850716534612 0.1657775362945238 0.2009629144137057 0.343085550379737 0.2910483218538774 0 0.28979753790302915 0.2736092578706406 0.3221161017400475 0.1903802810086414 0.4390956674960075 0.7564805177416188 0.23215108259620876
0.29399051601892734 0.16659462574405887 0.1348314606741573 0.5687050197822184 0.3664377146201989 0.10733317108221517 0.32683267966862767 0.27788291167479096 0.32908716472581384 0.31811557060692036 0.5762846119990815 0.5138764981119117 0.28979753790302915 0 0.14046862023024528 0.21519511207177097 0.1673111650755282 0.177371570882437 0.45252102812894385 0.4800480867517111
0.26033965402846776 0.25523495492987036 0.24582008540292924 0.6133930984191318 0.4077870449313603 0.14909420864112788 0.3220919510516358 0.3166416091725076 0.3771305428771969 0.40307307969376044 0.6276683868080146 0.5715341754641079 0.2736092578706406 0.14046862023024528 0 0.33095037597241056 0.24607943495851858 0.22438456287309322 0.5238227218271836 0.5001183852271829
0.49603025115883975 0.1966246040629635 0.1639581806261112 0.5247708485941974 0.35698376189065745 0.26103924653015514 0.3464139085746961 0.3009529284115511 0.31513987436076024 0.2352380506679271 0.5375266177660601 0.4749975986293215 0.3221161017400475 0.21519511207177097 0.33095037597241056 0 0.19747030518757333 0.3004224884426643 0.5349906104512752 0.4647544873465516
0.43777227223091403 0.08583770043743413 0.22636216451394992 0.4219554892993522 0.2261388565917444 0.22981593606550416 0.21664456120656053 0.17494668080515174 0.20898492480363437 0.2108663315950723 0.4359472596098733 0.38320714174231496 0.1903802810086414 0.1673111650755282 0.24607943495851858 0.19747030518757333 0 0.27743547601154706 0.5872202195147035 0.35579519994699627
0.26519741765271837 0.28729720245711154 0.19004096880261104 0.7016120960298431 0.4695301415158425 0.12102635224824873 0.4581709669115176 0.40145946592457005 0.45456188360232797 0.41686711970209617 0.716262259834822 0.6577370490941444 0.4390956674960075 0.177371570882437 0.22438456287309322 0.3004224884426643 0.27743547601154706 0 0.3401680257083045 0.6079113191768651
0.32889675724013595 0.5993229798598032 0.45252102812894385 1.1177666976781186 0.8447367914999205 0.4091516385047715 0.7905694150420948 0.7253788642111757 0.7854091098781056 0.7438343052617368 1.084282222915832 1.025480103200489 0.7564805177416188 0.45252102812894385 0.5238227218271836 0.5349906104512752 0.5872202195147035 0.3401680257083045 0 0.9804521445572907
0.7632939309947075 0.37359534175268383 0.5391309281980756 0.1671141120482457 0.2353842164503589 0.5408812603431 0.20321379583505517 0.22260651090098538 0.21090018117456483 0.29386505129047585 0.1635683756210167 0.14606239166623558 0.23215108259620876 0.4800480867517111 0.5001183852271829 0.4647544873465516 0.35579519994699627 0.6079113191768651 0.9804521445572907 0
