0 0.10050378152592121 0.17660431427533915 0.4398158742253534 0.2746052351172458 0.17456413381883576 0.3000342915929565 0.35355339059327373 0.1203858530857692 0.24072846024282468 0.215716742976478 0.22116293423234568 0.2347869083534997 0.18490006540840973 0.10806351141166023 0.17431926281167376 0.15888544365941254 0.06913011298202835 0.0909241209316635 0.11547005383792515
0.10050378152592121 0 0.2795530723408051 0.5518265275147963 0.31249036965130206 0.21805127634004642 0.3334235087261187 0.3908679799852858 0.18148850216015694 0.13856632693135676 0.2508726030021272 0.2593232976100591 0.1327329683004747 0.2090605025017727 0.05263306670276983 0.09128709291752769 0.2113489577275764 0.10942844490912643 0.08224396186997113 0.17407765595569785
0.17660431427533915 0.2795530723408051 0 0.25369128430940185 0.32735116739902154 0.287368262792414 0.3576646146995634 0.42146361521176234 0.14350946197048195 0.4261030665830535 0.3673591791853225 0.30270204465999645 0.4198268571247918 0.3673591791853225 0.287368262792414 0.20780235364840838 0.18940402007417423 0.24722569302909875 0.195099743142927 0.13764944032233706
0.4398158742253534 0.5518265275147963 0.25369128430940185 0 0.4886327608181128 0.5604299823239344 0.5254069374927338 0.3762057908930288 0.35355339059327373 0.7153629344158334 0.6492642263935928 0.5773502691896257 0.7082676569009285 0.6492642263935928 0.5604299823239344 0.4498572456924266 0.4296248625946536 0.5163864627990666 0.4597545253746661 0.39809328161822227
0.2746052351172458 0.31249036965130206 0.32735116739902154 0.4886327608181128 0 0.07952553457939868 0.03280452208700819 0.10335132885038897 0.4126991156508014 0.20936574503913466 0.14003941830368793 0.07836451555366873 0.1895215227038705 0.14003941830368793 0.25448171065407577 0.4388667293875536 0.12517975562534148 0.2066751028572641 0.35664311282760075 0.17490917740068146
0.17456413381883576 0.21805127634004642 0.287368262792414 0.5604299823239344 0.07952553457939868 0 0.10774332252590903 0.1675195837664171 0.29721288066113327 0.13097939266856332 0.07608131086536778 0.044122418339544646 0.12515176486380372 0.07608131086536778 0.16417910447761194 0.3294664903289267 0.1174688464185605 0.11636651211595103 0.2530464700237315 0.14685763234883123
0.3000342915929565 0.3334235087261187 0.3576646146995634 0.5254069374927338 0.03280452208700819 0.10774332252590903 0 0.13638618139749523 0.436534599850693 0.2296249212340472 0.10699012312772822 0.06066876735910534 0.16982065540400468 0.10699012312772822 0.2770542579237661 0.458682472293863 0.1557522394953495 0.232007424356371 0.37880720420707903 0.20490028546619204
0.35355339059327373 0.3908679799852858 0.42146361521176234 0.3762057908930288 0.10335132885038897 0.1675195837664171 0.13638618139749523 0 0.5107539184552492 0.30175492453770925 0.24514516892273006 0.18245011229994043 0.2957220830232279 0.24514516892273006 0.3262223473346017 0.5352180241110471 0.18834975160805922 0.2749633406650374 0.44362213114101423 0.2449489742783178
0.1203858530857692 0.18148850216015694 0.14350946197048195 0.35355339059327373 0.4126991156508014 0.29721288066113327 0.436534599850693 0.5107539184552492 0 0.324052457177073 0.3338902816470889 0.34612355061066646 0.31798150037444667 0.28380673940002554 0.18913546951163024 0.08946481190484872 0.29366429858345094 0.1685263244114561 0.09851380077988758 0.2502172968684897
0.24072846024282468 0.13856632693135676 0.4261030665830535 0.7153629344158334 0.20936574503913466 0.13097939266856332 0.2296249212340472 0.30175492453770925 0.324052457177073 0 0.16388033416407669 0.1677873367435127 0.05202399051797733 0.1274624821276152 0.13097939266856332 0.2313017995304829 0.25035217008302263 0.17019803510362014 0.22206394883623548 0.28049627612419425
0.215716742976478 0.2508726030021272 0.3673591791853225 0.6492642263935928 0.14003941830368793 0.07608131086536778 0.10699012312772822 0.24514516892273006 0.3338902816470889 0.16388033416407669 0 0.0613395615082148 0.10988691536373849 0.038461538461538464 0.20057800137233323 0.35878907972456986 0.19441276494531337 0.15817925984933895 0.28748307801768114 0.224179415327122
0.22116293423234568 0.2593232976100591 0.30270204465999645 0.5773502691896257 0.07836451555366873 0.044122418339544646 0.06066876735910534 0.18245011229994043 0.34612355061066646 0.1677873367435127 0.0613395615082148 0 0.11034309333795177 0.0613395615082148 0.205904618917875 0.37335497772755005 0.13229014937044226 0.16053469562464912 0.29761387159060143 0.16173874084416223
0.2347869083534997 0.1327329683004747 0.4198268571247918 0.7082676569009285 0.1895215227038705 0.12515176486380372 0.16982065540400468 0.2957220830232279 0.31798150037444667 0.05202399051797733 0.10988691536373849 0.11034309333795177 0 0.07325794357582566 0.12515176486380372 0.2253726066746433 0.2443975138996938 0.16433731069943303 0.2161464066390881 0.2744974265986884
0.18490006540840973 0.2090605025017727 0.3673591791853225 0.6492642263935928 0.14003941830368793 0.07608131086536778 0.10699012312772822 0.24514516892273006 0.28380673940002554 0.1274624821276152 0.038461538461538464 0.0613395615082148 0.07325794357582566 0 0.1590791045366781 0.3129862184831354 0.19441276494531337 0.11503946170861015 0.24209101306752098 0.224179415327122
0.10806351141166023 0.05263306670276983 0.287368262792414 0.5604299823239344 0.25448171065407577 0.16417910447761194 0.2770542579237661 0.3262223473346017 0.18913546951163024 0.13097939266856332 0.20057800137233323 0.205904618917875 0.12515176486380372 0.1590791045366781 0 0.14825992064801702 0.15103137396672062 0.054304372320777144 0.08979068291164664 0.14685763234883123
0.17431926281167376 0.09128709291752769 0.20780235364840838 0.4498572456924266 0.4388667293875536 0.3294664903289267 0.458682472293863 0.5352180241110471 0.08946481190484872 0.2313017995304829 0.35878907972456986 0.37335497772755005 0.2253726066746433 0.3129862184831354 0.14825992064801702 0 0.3333905039594863 0.2140586703908568 0.08108437164260031 0.29557340266613363
0.15888544365941254 0.2113489577275764 0.18940402007417423 0.4296248625946536 0.12517975562534148 0.1174688464185605 0.1557522394953495 0.18834975160805922 0.29366429858345094 0.25035217008302263 0.19441276494531337 0.13229014937044226 0.2443975138996938 0.19441276494531337 0.15103137396672062 0.3333905039594863 0 0.09594644986465711 0.24780029564734393 0.048564293117863214
0.06913011298202835 0.10942844490912643 0.24722569302909875 0.5163864627990666 0.2066751028572641 0.11636651211595103 0.232007424356371 0.2749633406650374 0.1685263244114561 0.17019803510362014 0.15817925984933895 0.16053469562464912 0.16433731069943303 0.11503946170861015 0.054304372320777144 0.2140586703908568 0.09594644986465711 0 0.13576884666042613 0.10776318121606494
0.0909241209316635 0.08224396186997113 0.195099743142927 0.4597545253746661 0.35664311282760075 0.2530464700237315 0.37880720420707903 0.44362213114101423 0.09851380077988758 0.22206394883623548 0.28748307801768114 0.29761387159060143 0.2161464066390881 0.24209101306752098 0.08979068291164664 0.08108437164260031 0.24780029564734393 0.13576884666042613 0 0.20788046015507497
0.11547005383792515 0.17407765595569785 0.13764944032233706 0.39809328161822227 0.17490917740068146 0.14685763234883123 0.20490028546619204 0.2449489742783178 0.2502172968684897 0.28049627612419425 0.224179415327122 0.16173874084416223 0.2744974265986884 0.224179415327122 0.14685763234883123 0.29557340266613363 0.048564293117863214 0.10776318121606494 0.20788046015507497 0
