0 0.1721425554064796 0.23982355477165476 0.3113009771157892 0.21669012812134972 0.39022184048105535 0.19921240629560671 0.16985390032149353 0.21113092167955358 0.1914684897123957 0.18625050460815173 0.32795049450962466 0.4156980783513018 0.44415943912289335 0.1963501022605158 0.3161225652120286 0.1686591335541334 0.3237992224272243 0.37866565056202023 0.39492461361113684
0.1721425554064796 0 0.24300126677321918 0.33702774160257476 0.13188581396241333 0.5443557418468774 0.22024822393758822 0.1182036400019146 0.23321620520919867 0.21106091447266964 0.33943687381359705 0.4841263393854439 0.4165775252159942 0.43980029977677104 0.22169811320754718 0.3251680454562847 0.16901594719829124 0.48048629172089174 0.3809375533421742 0.3911334203724786
0.23982355477165476 0.24300126677321918 0 0.22075539284417398 0.15944820103582016 0.5662564503132547 0.11536977587386216 0.31383884691996633 0.06907581901573273 0.09979654098963518 0.3521414817774325 0.4940474847490368 0.20635115060950696 0.2178545226372629 0.07944272182970627 0.18747675744682474 0.13255957339416255 0.49044129872897085 0.1810470598196226 0.19991774624369366
0.3113009771157892 0.33702774160257476 0.22075539284417398 0 0.2798324495507765 0.38572713814458864 0.1375299010550452 0.4048321406586339 0.17888489735455027 0.2096056570099616 0.26850825298712294 0.3009201343578976 0.15212347658638842 0.18773481537065959 0.2005454330197139 0.09128347493631557 0.21069533303916815 0.3009201343578976 0.14590811492573924 0.15593631948353798
0.21669012812134972 0.13188581396241333 0.15944820103582016 0.2798324495507765 0 0.6154363909662075 0.16076070202676568 0.2038985641632347 0.13900446614590414 0.13866501639344056 0.40062589204832183 0.5485498793190398 0.3013159808350631 0.32895058088571977 0.1341211667414373 0.2349323956999458 0.10456948619636047 0.5519998785600401 0.2805445537159677 0.29279178512725007
0.39022184048105535 0.5443557418468774 0.5662564503132547 0.38572713814458864 0.6154363909662075 0 0.4632727657853359 0.5534390761720278 0.5192528811186561 0.5456634428569904 0.21117075571998348 0.29405175766442426 0.5467115475734934 0.5678209532243724 0.5443557418468774 0.421832359342337 0.5534161819146459 0.12602218185618183 0.5007197355100379 0.5051856595423978
0.19921240629560671 0.22024822393758822 0.11536977587386216 0.1375299010550452 0.16076070202676568 0.4632727657853359 0 0.29689694369972935 0.06451876086057297 0.09268013614149899 0.2543571161439784 0.3985348104178632 0.2059251099980788 0.24741481688635147 0.10126355123567275 0.12588086695887282 0.10330897743748699 0.39462760639415867 0.19339673224485915 0.21125713398377557
0.16985390032149353 0.1182036400019146 0.31383884691996633 0.4048321406586339 0.2038985641632347 0.5534390761720278 0.29689694369972935 0 0.3036576579582475 0.2836833543244105 0.33703046189935704 0.4816235389726166 0.48898884595272274 0.5019216626628472 0.2931450272047482 0.40608628365993515 0.23294698006626188 0.4816235389726166 0.4437590492916312 0.4669749483587017
0.21113092167955358 0.23321620520919867 0.06907581901573273 0.17888489735455027 0.13900446614590414 0.5192528811186561 0.06451876086057297 0.3036576579582475 0 0.0611248770779958 0.3068554591412284 0.4415774413442333 0.16483791252248622 0.21066621015445344 0.04568152473169871 0.135853515419306 0.10050723473011834 0.4489989109466574 0.16268091594956105 0.1777772402812652
0.1914684897123957 0.21106091447266964 0.09979654098963518 0.2096056570099616 0.13866501639344056 0.5456634428569904 0.09268013614149899 0.2836833543244105 0.0611248770779958 0 0.33215770060317645 0.4627091455299799 0.2201761832135743 0.2613425758042319 0.06955416499667523 0.1680469827815442 0.09787460984513015 0.4738141650226994 0.20416329930127988 0.23307951229154436
0.18625050460815173 0.33943687381359705 0.3521414817774325 0.26850825298712294 0.40062589204832183 0.21117075571998348 0.2543571161439784 0.33703046189935704 0.3068554591412284 0.33215770060317645 0 0.19274835836694162 0.40187872286617826 0.42806863190753464 0.3266279351791217 0.27503035691297295 0.3346597609928531 0.14826796797457048 0.35646037099773337 0.3686979998629974
0.32795049450962466 0.4841263393854439 0.4940474847490368 0.3009201343578976 0.5485498793190398 0.29405175766442426 0.3985348104178632 0.4816235389726166 0.4415774413442333 0.4627091455299799 0.19274835836694162 0 0.34261801426660693 0.35983469244293315 0.4732061963917873 0.3619958811983952 0.48185875624313634 0.20224719101123595 0.42505857071326175 0.42295180791136694
0.4156980783513018 0.4165775252159942 0.20635115060950696 0.15212347658638842 0.3013159808350631 0.5467115475734934 0.2059251099980788 0.48898884595272274 0.16483791252248622 0.2201761832135743 0.40187872286617826 0.34261801426660693 0 0.09236060987562235 0.1918449129284184 0.13627582208655234 0.2673248717548622 0.44413446293819414 0.12861115325329928 0.13895833924933265
0.44415943912289335 0.43980029977677104 0.2178545226372629 0.18773481537065959 0.32895058088571977 0.5678209532243724 0.24741481688635147 0.5019216626628472 0.21066621015445344 0.2613425758042319 0.42806863190753464 0.35983469244293315 0.09236060987562235 0 0.23579654626585916 0.17964393928698885 0.29797986583834457 0.47841657972526336 0.14167768188063765 0.12313775728090239
0.1963501022605158 0.22169811320754718 0.07944272182970627 0.2005454330197139 0.1341211667414373 0.5443557418468774 0.10126355123567275 0.2931450272047482 0.04568152473169871 0.06955416499667523 0.3266279351791217 0.4732061963917873 0.1918449129284184 0.23579654626585916 0 0.15725339903213767 0.0962451921545825 0.4732061963917873 0.17502536234640437 0.19930365369298275
0.3161225652120286 0.3251680454562847 0.18747675744682474 0.09128347493631557 0.2349323956999458 0.421832359342337 0.12588086695887282 0.40608628365993515 0.135853515419306 0.1680469827815442 0.27503035691297295 0.3619958811983952 0.13627582208655234 0.17964393928698885 0.15725339903213767 0 0.1803922960527187 0.35788229163932256 0.12798487117849255 0.1492158748212413
0.1686591335541334 0.16901594719829124 0.13255957339416255 0.21069533303916815 0.10456948619636047 0.5534161819146459 0.10330897743748699 0.23294698006626188 0.10050723473011834 0.09787460984513015 0.3346597609928531 0.48185875624313634 0.2673248717548622 0.29797986583834457 0.0962451921545825 0.1803922960527187 0 0.485481754410378 0.24081357779460083 0.25788118458223097
0.3237992224272243 0.48048629172089174 0.49044129872897085 0.3009201343578976 0.5519998785600401 0.12602218185618183 0.39462760639415867 0.4816235389726166 0.4489989109466574 0.4738141650226994 0.14826796797457048 0.20224719101123595 0.44413446293819414 0.47841657972526336 0.4732061963917873 0.35788229163932256 0.485481754410378 0 0.42505857071326175 0.4267968243469248
0.37866565056202023 0.3809375533421742 0.1810470598196226 0.14590811492573924 0.2805445537159677 0.5007197355100379 0.19339673224485915 0.4437590492916312 0.16268091594956105 0.20416329930127988 0.35646037099773337 0.42505857071326175 0.12861115325329928 0.14167768188063765 0.17502536234640437 0.12798487117849255 0.24081357779460083 0.42505857071326175 0 0.12234767379105174
0.39492461361113684 0.3911334203724786 0.19991774624369366 0.15593631948353798 0.29279178512725007 0.5051856595423978 0.21125713398377557 0.4669749483587017 0.1777772402812652 0.23307951229154436 0.3686979998629974 0.42295180791136694 0.13895833924933265 0.12313775728090239 0.19930365369298275 0.1492158748212413 0.25788118458223097 0.4267968243469248 0.12234767379105174 0
