0 0.23408360322232902 0.2490975124751621 0.316788658733899 0.23431983052221253 0.24355900240869968 0.2594053359852876 0.34020690871988585 0.24803053494460914 0.3073799046081503 0.1966458508163212 0.24915879145471292 0.3897559777889522 0.19298823207482915 0.20109355874951407 0.4329066207269801 0.33428255215099295 0.2432313131624418 0.24952742978524822 0.2503057357140971
0.23408360322232902 0 0.2486630180579627 0.18084259098863953 0.35803467647956566 0.34050261230349943 0.23983666688708688 0.2252585441255373 0.4063006797492386 0.2925752005969407 0.33657368572000057 0.32801195650932785 0.2573957808351147 0.24654777089824131 0.31788958222476904 0.3343669275452117 0.4120522019572507 0.30246571251362825 0.3106219624777934 0.31357433600704654
0.2490975124751621 0.2486630180579627 0 0.284183525781019 0.30783449187950745 0.1781176249697741 0.31678412516115445 0.39420565844091093 0.34541402574063673 0.20058886138277732 0.273946626080135 0.24295042397862124 0.3702717384044571 0.15672261501763637 0.292967061299082 0.5169504160521726 0.25261367522762324 0.22558162248346317 0.20461325280449055 0.1773312298488905
0.316788658733899 0.18084259098863953 0.284183525781019 0 0.40448829567654143 0.34106325467948717 0.2939273870423258 0.24196931758885012 0.4497142374597765 0.2726602520414434 0.36485925969155175 0.34890481363918013 0.2171256052703531 0.26385528903170397 0.37110788622910434 0.34059403467386845 0.43576657390480406 0.33250256283473933 0.33105531893851214 0.3338022382864618
0.23431983052221253 0.35803467647956566 0.30783449187950745 0.40448829567654143 0 0.27784794435434707 0.29961744803734647 0.4341522725935421 0.13220355926262406 0.3886565096303304 0.14979209969218638 0.2581593826105597 0.5058141488890701 0.25512726263740204 0.19573009728353194 0.5006261743217588 0.37723680465497267 0.26364670022058134 0.25062340495368157 0.3273774268280703
0.24355900240869968 0.34050261230349943 0.1781176249697741 0.34106325467948717 0.27784794435434707 0 0.38152872607443694 0.4618802153517006 0.2881309774010844 0.2413198999619531 0.22247938336707027 0.20232498737624047 0.444108255785842 0.1930853681114485 0.3216861873470641 0.5746404442881132 0.19937587449962038 0.2087339382699866 0.14415730739189034 0.15486877270666013
0.2594053359852876 0.23983666688708688 0.31678412516115445 0.2939273870423258 0.29961744803734647 0.38152872607443694 0 0.30923321206333726 0.33420265042852865 0.3476787130405808 0.29701699319608976 0.37829139660630584 0.366057079101847 0.29051006699382415 0.21796310630774696 0.3362277436608037 0.4587583473564221 0.35000794920964207 0.35994692028620673 0.36815674848601304
0.34020690871988585 0.2252585441255373 0.39420565844091093 0.24196931758885012 0.4341522725935421 0.4618802153517006 0.30923321206333726 0 0.48459205753973333 0.3975719782837054 0.4118730098201673 0.46265579818791763 0.24094892046890826 0.38452816230613235 0.38760126648920734 0.2572258219090574 0.5666483383800031 0.42991852870918007 0.46166230282918164 0.46622767968726964
0.24803053494460914 0.4063006797492386 0.34541402574063673 0.4497142374597765 0.13220355926262406 0.2881309774010844 0.33420265042852865 0.48459205753973333 0 0.4067469296075367 0.1472313622875058 0.25374607650978015 0.5610886023555469 0.283833807923976 0.2081532204634493 0.508470092348627 0.35688329317536255 0.26178386840548795 0.23618062214786345 0.3392417937827619
0.3073799046081503 0.2925752005969407 0.20058886138277732 0.2726602520414434 0.3886565096303304 0.2413198999619531 0.3476787130405808 0.3975719782837054 0.4067469296075367 0 0.3315754850403805 0.29175333751134935 0.3800431200656627 0.24396870519138203 0.3436553042517941 0.522613776277062 0.2930992310955853 0.26240595589385707 0.2618984987110173 0.22326677531076325
0.1966458508163212 0.33657368572000057 0.273946626080135 0.36485925969155175 0.14979209969218638 0.22247938336707027 0.29701699319608976 0.4118730098201673 0.1472313622875058 0.3315754850403805 0 0.19048671795818797 0.4661472225410195 0.21809744814504306 0.20699408929296476 0.5184714617426923 0.3064332566881126 0.20672953987670503 0.18138562515595877 0.26724110206163126
0.24915879145471292 0.32801195650932785 0.24295042397862124 0.34890481363918013 0.2581593826105597 0.20232498737624047 0.37829139660630584 0.46265579818791763 0.25374607650978015 0.29175333751134935 0.19048671795818797 0 0.45431897483707406 0.22502813027453636 0.3061895608389046 0.5878522953529368 0.25862947103803835 0.19673831253626675 0.16590566413334407 0.22859104845031797
0.3897559777889522 0.2573957808351147 0.3702717384044571 0.2171256052703531 0.5058141488890701 0.444108255785842 0.366057079101847 0.24094892046890826 0.5610886023555469 0.3800431200656627 0.4661472225410195 0.45431897483707406 0 0.34988545964276885 0.4837006282678578 0.28867513459481287 0.536044620225175 0.4288199862673706 0.418225232470515 0.42333271598163796
0.19298823207482915 0.24654777089824131 0.15672261501763637 0.26385528903170397 0.25512726263740204 0.1930853681114485 0.29051006699382415 0.38452816230613235 0.283833807923976 0.24396870519138203 0.21809744814504306 0.22502813027453636 0.34988545964276885 0 0.23997387408912457 0.47201510472503067 0.2599761442288379 0.19604304513452928 0.17837088669787887 0.1946662176371092
0.20109355874951407 0.31788958222476904 0.292967061299082 0.37110788622910434 0.19573009728353194 0.3216861873470641 0.21796310630774696 0.38760126648920734 0.2081532204634493 0.3436553042517941 0.20699408929296476 0.3061895608389046 0.4837006282678578 0.23997387408912457 0 0.4028736481723314 0.4036198867913248 0.2745573636256565 0.2920390986944191 0.3091262477397108
0.4329066207269801 0.3343669275452117 0.5169504160521726 0.34059403467386845 0.5006261743217588 0.5746404442881132 0.3362277436608037 0.2572258219090574 0.508470092348627 0.522613776277062 0.5184714617426923 0.5878522953529368 0.28867513459481287 0.47201510472503067 0.4028736481723314 0 0.6997063609044384 0.5565736977252236 0.5861454906450466 0.5793452030311682
0.33428255215099295 0.4120522019572507 0.25261367522762324 0.43576657390480406 0.37723680465497267 0.19937587449962038 0.4587583473564221 0.5666483383800031 0.35688329317536255 0.2930992310955853 0.3064332566881126 0.25862947103803835 0.536044620225175 0.2599761442288379 0.4036198867913248 0.6997063609044384 0 0.2538062468943922 0.21250553407034223 0.1923565836115465
0.2432313131624418 0.30246571251362825 0.22558162248346317 0.33250256283473933 0.26364670022058134 0.2087339382699866 0.35000794920964207 0.42991852870918007 0.26178386840548795 0.26240595589385707 0.20672953987670503 0.19673831253626675 0.4288199862673706 0.19604304513452928 0.2745573636256565 0.5565736977252236 0.2538062468943922 0 0.16165203451028323 0.2241571643625594
0.24952742978524822 0.3106219624777934 0.20461325280449055 0.33105531893851214 0.25062340495368157 0.14415730739189034 0.35994692028620673 0.46166230282918164 0.23618062214786345 0.2618984987110173 0.18138562515595877 0.16590566413334407 0.418225232470515 0.17837088669787887 0.2920390986944191 0.5861454906450466 0.21250553407034223 0.16165203451028323 0 0.19734116624780368
0.2503057357140971 0.31357433600704654 0.1773312298488905 0.3338022382864618 0.3273774268280703 0.15486877270666013 0.36815674848601304 0.46622767968726964 0.3392417937827619 0.22326677531076325 0.26724110206163126 0.22859104845031797 0.42333271598163796 0.1946662176371092 0.3091262477397108 0.5793452030311682 0.1923565836115465 0.2241571643625594 0.19734116624780368 0
