0 0.1113899349149079 0.3809040358077926 0.14673479641335554 0.25460601845034064 0.16309917153468587 0.2810736371242605 0.16074760739013735 0.23742543302066457 0.39888074836164217 0.21038958142240088 0.10257624248277727 0.11637608921255717 0.11283386673105501 0.15230192477004284 0.14229283500542508 0.14405931562989283 0.2924138614814302 0.22647340447701664 0.12105582345980088
0.1113899349149079 0 0.41826977752524414 0.06619635666005554 0.30444877242527 0.15665164874336454 0.4006161839582873 0.21271930643598508 0.2823797340684566 0.43896105387054646 0.11751119864681425 0.21595066240807778 0.040000500009375196 0.2252056907969954 0.08143152714024131 0.2017477251489974 0.24727662372981413 0.18784901347131855 0.26935404061885776 0.23405066228504612
0.3809040358077926 0.41826977752524414 0 0.44713500917825555 0.15260360414237942 0.2365695224723227 0.32735666148146897 0.19992115118952378 0.1213146636981063 0.057818925230986834 0.2587852821174251 0.44160112798810847 0.38172256598111365 0.4743123226538943 0.4910818623594955 0.23892207481512925 0.3865682711353683 0.25289326326432604 0.1526501024612532 0.44339757581606776
0.14673479641335554 0.06619635666005554 0.44713500917825555 0 0.3402870974203842 0.1968626629430296 0.44112380862891626 0.2429488546765559 0.3040457243139491 0.46291660274114227 0.1587675723300364 0.24985496735545146 0.08782159761250498 0.25888586978998585 0.059594645131985154 0.2352118207537007 0.2876900245737319 0.1730021869615367 0.29228640190688987 0.2618788694506542
0.25460601845034064 0.30444877242527 0.15260360414237942 0.3402870974203842 0 0.1725597823546195 0.30364621324277996 0.15710169183321238 0.15016481204905044 0.18020049448685316 0.21906005829768257 0.3024482816037892 0.2726372836941755 0.3364312345929791 0.36441023615733326 0.1269916634283574 0.2409584520405045 0.29992539290252207 0.19439438308506643 0.30250732643803185
0.16309917153468587 0.15665164874336454 0.2365695224723227 0.1968626629430296 0.1725597823546195 0 0.4548282109547547 0.057087148626684486 0.12187805417582813 0.2627086618407975 0.053369118294764914 0.26811334720977903 0.12989194907588447 0.27685617374922833 0.22115895806014335 0.10890421889502866 0.30546590160009474 0.13159426241222952 0.11625602829934269 0.2859528648482775
0.2810736371242605 0.4006161839582873 0.32735666148146897 0.44112380862891626 0.30364621324277996 0.4548282109547547 0 0.438461015388488 0.4308697154665531 0.31906205991705394 0.5057692336457372 0.28430343956378823 0.3949610391370345 0.32943096965327845 0.4057459214816884 0.3564395886091623 0.20868250309207573 0.5989708757253629 0.48911734237183646 0.2830253684268013
0.16074760739013735 0.21271930643598508 0.19992115118952378 0.2429488546765559 0.15710169183321238 0.057087148626684486 0.438461015388488 0 0.07962725801755623 0.2177135776001896 0.07826826767172966 0.25227994897890826 0.18520106119356344 0.2611839471781639 0.2742003040862074 0.08570460280922193 0.292797255038601 0.15432625326231386 0.07818813573246453 0.2702081404330756
0.23742543302066457 0.2823797340684566 0.1213146636981063 0.3040457243139491 0.15016481204905044 0.12187805417582813 0.4308697154665531 0.07962725801755623 0 0.1452852118688057 0.1401246349870906 0.2779700830429336 0.2543275128793151 0.30188148803587406 0.3500979383354967 0.11423233199383512 0.276432802575278 0.14927957151722798 0.05849213333706368 0.27816023595065076
0.39888074836164217 0.43896105387054646 0.057818925230986834 0.46291660274114227 0.18020049448685316 0.2627086618407975 0.31906205991705394 0.2177135776001896 0.1452852118688057 0 0.2771006483698355 0.46197531772858275 0.40421729524204286 0.4954517900277554 0.5053320885655618 0.2501979686307785 0.4128125496922689 0.2862939106612566 0.18897743713858223 0.4639299006408094
0.21038958142240088 0.11751119864681425 0.2587852821174251 0.1587675723300364 0.21906005829768257 0.053369118294764914 0.5057692336457372 0.07826826767172966 0.1401246349870906 0.2771006483698355 0 0.31631540015071274 0.10793086543986267 0.3246394896283631 0.17852382712651668 0.15553238849336756 0.3564162178201256 0.07783263853775875 0.13574937755438468 0.3340062219468934
0.10257624248277727 0.21595066240807778 0.44160112798810847 0.24985496735545146 0.3024482816037892 0.26811334720977903 0.28430343956378823 0.25227994897890826 0.2779700830429336 0.46197531772858275 0.31631540015071274 0 0.22101284060512716 0.03787878787878788 0.2062177809886342 0.17693762086050027 0.09341987329938276 0.4016892254313502 0.2993604184989566 0.019158353744654286
0.11637608921255717 0.040000500009375196 0.38172256598111365 0.08782159761250498 0.2726372836941755 0.12989194907588447 0.3949610391370345 0.18520106119356344 0.2543275128793151 0.40421729524204286 0.10793086543986267 0.22101284060512716 0 0.23022170896367414 0.10634581430569608 0.17206413926368552 0.2586609221293698 0.18691210481987489 0.23797494757460597 0.23909354190087065
0.11283386673105501 0.2252056907969954 0.4743123226538943 0.25888586978998585 0.3364312345929791 0.27685617374922833 0.32943096965327845 0.2611839471781639 0.30188148803587406 0.4954517900277554 0.3246394896283631 0.03787878787878788 0.23022170896367414 0 0.2093422928217953 0.20910809738059122 0.13234482050745888 0.4016892254313502 0.31076462491796447 0.05747506123396286
0.15230192477004284 0.08143152714024131 0.4910818623594955 0.059594645131985154 0.36441023615733326 0.22115895806014335 0.4057459214816884 0.2742003040862074 0.3500979383354967 0.5053320885655618 0.17852382712651668 0.2062177809886342 0.10634581430569608 0.2093422928217953 0 0.2653649712528046 0.24402129364581548 0.20949355226112606 0.3339485201163081 0.22440505356789656
0.14229283500542508 0.2017477251489974 0.23892207481512925 0.2352118207537007 0.1269916634283574 0.10890421889502866 0.3564395886091623 0.08570460280922193 0.11423233199383512 0.2501979686307785 0.15553238849336756 0.17693762086050027 0.17206413926368552 0.20910809738059122 0.2653649712528046 0 0.21157747357033163 0.23110492696808135 0.1380197875681608 0.19200017120620427
0.14405931562989283 0.24727662372981413 0.3865682711353683 0.2876900245737319 0.2409584520405045 0.30546590160009474 0.20868250309207573 0.292797255038601 0.276432802575278 0.4128125496922689 0.3564162178201256 0.09341987329938276 0.2586609221293698 0.13234482050745888 0.24402129364581548 0.21157747357033163 0 0.4260989130330459 0.33106668544961193 0.09056241156018814
0.2924138614814302 0.18784901347131855 0.25289326326432604 0.1730021869615367 0.29992539290252207 0.13159426241222952 0.5989708757253629 0.15432625326231386 0.14927957151722798 0.2862939106612566 0.07783263853775875 0.4016892254313502 0.18691210481987489 0.4016892254313502 0.20949355226112606 0.23110492696808135 0.4260989130330459 0 0.12093699665811732 0.4194407079070383
0.22647340447701664 0.26935404061885776 0.1526501024612532 0.29228640190688987 0.19439438308506643 0.11625602829934269 0.48911734237183646 0.07818813573246453 0.05849213333706368 0.18897743713858223 0.13574937755438468 0.2993604184989566 0.23797494757460597 0.31076462491796447 0.3339485201163081 0.1380197875681608 0.33106668544961193 0.12093699665811732 0 0.3143573988985674
0.12105582345980088 0.23405066228504612 0.44339757581606776 0.2618788694506542 0.30250732643803185 0.2859528648482775 0.2830253684268013 0.2702081404330756 0.27816023595065076 0.4639299006408094 0.3340062219468934 0.019158353744654286 0.23909354190087065 0.05747506123396286 0.22440505356789656 0.19200017120620427 0.09056241156018814 0.4194407079070383 0.3143573988985674 0
