0 0.1622741806545105 0.11855472528565959 0.1738906766794444 0.19170270791722385 0.4309615439856775 0.25235784367617864 0.29876177644156665 0.15144803708370716 0.2077472538930815 0.10039331176329418 0.13572975961581002 0.12593494197247088 0.22334173672426935 0.15728357180692518 0.21850309030834614 0.20078662352658835 0.24131421897636146 0.41987745553719086 0.1752657833710246
0.1622741806545105 0 0.1923335438409416 0.26819945244455684 0.22154848753747194 0.3139818882645233 0.16228767452177503 0.20735720782958125 0.10585122480499264 0.24283336831060892 0.11840793336575112 0.09827450684444904 0.20430660713528306 0.13185548334752584 0.2528983800106327 0.26576002822090805 0.24207844154775784 0.15253050915305105 0.5198945995477047 0.21542770523507843
0.11855472528565959 0.1923335438409416 0 0.2371399489251107 0.14160832398193268 0.4846885712708893 0.3049237882666892 0.3536722444382066 0.2193582677152963 0.19929899178278732 0.1570431129598602 0.18102829909883594 0.20036481535660292 0.28871441814056115 0.18858746822104483 0.19775799409760172 0.15995131875541316 0.3012383298079318 0.4570750570993018 0.151788403304773
0.1738906766794444 0.26819945244455684 0.2371399489251107 0 0.2953300439339297 0.38806089286285655 0.30442954117128224 0.2739001877928806 0.18982938836589713 0.2981691466815669 0.20155073089922862 0.2450991435071351 0.13994571159381 0.2540839030242197 0.21486787516262043 0.3519139745859547 0.32312101302892204 0.27361817060102633 0.3591519087528487 0.28811759502603795
0.19170270791722385 0.22154848753747194 0.14160832398193268 0.2953300439339297 0 0.5341114534652099 0.3433817943798802 0.4098286470711924 0.2737854484095116 0.16495990577526123 0.20059365316657157 0.2167974739618312 0.2601075842300232 0.3440938469700796 0.18250783141315274 0.12895306274993887 0.08883433211662455 0.3240594619567849 0.4418038132035543 0.06745129072403669
0.4309615439856775 0.3139818882645233 0.4846885712708893 0.38806089286285655 0.5341114534652099 0 0.19881626267542124 0.18429876279029647 0.29137254363387344 0.5167285026279824 0.3844384021934082 0.36549060935459166 0.3686284269246162 0.21598100992401312 0.5032362797401965 0.5850149598595342 0.5543713191049872 0.2700265367836869 0.483702969892151 0.5416821929446509
0.25235784367617864 0.16228767452177503 0.3049237882666892 0.30442954117128224 0.3433817943798802 0.19881626267542124 0 0.16466097788958206 0.17021289926939803 0.34113470912763894 0.21902748673281627 0.19783449499578035 0.24769264765093837 0.11766301973435521 0.33721080113471136 0.3882759992081743 0.3658754607923181 0.16083607192932675 0.6072627466974554 0.3387746220954823
0.29876177644156665 0.20735720782958125 0.3536722444382066 0.2739001877928806 0.4098286470711924 0.18429876279029647 0.16466097788958206 0 0.17965674766740417 0.404303170127366 0.25833926610208413 0.2579268903976953 0.2464519142402097 0.13512009738500697 0.3532524757434298 0.44797128058127356 0.42323666999703147 0.1645362954286044 0.4977611827830985 0.4078250057632075
0.15144803708370716 0.10585122480499264 0.2193582677152963 0.18982938836589713 0.2737854484095116 0.29137254363387344 0.17021289926939803 0.17965674766740417 0 0.2751622897751175 0.1164791528940629 0.10882591235818863 0.12427395320024 0.11281521496355325 0.2204138178115226 0.32670981909310326 0.29545931465811076 0.12688807308166913 0.43800055322943915 0.27038996915275487
0.2077472538930815 0.24283336831060892 0.19929899178278732 0.2981691466815669 0.16495990577526123 0.5167285026279824 0.34113470912763894 0.404303170127366 0.2751622897751175 0 0.20907420764992787 0.2150515969798275 0.26816050910517975 0.3319008671725395 0.29291471116352136 0.17035676178883014 0.16003210955920405 0.3286842065915059 0.5795351571114202 0.16641760632245015
0.10039331176329418 0.11840793336575112 0.1570431129598602 0.20155073089922862 0.20059365316657157 0.3844384021934082 0.21902748673281627 0.25833926610208413 0.1164791528940629 0.20907420764992787 0 0.09738839698994349 0.13592683039733522 0.17627661877765757 0.20280940692787205 0.24858757062146894 0.22598870056497175 0.1852270569006971 0.4397472829802448 0.20236623830845393
0.13572975961581002 0.09827450684444904 0.18102829909883594 0.2450991435071351 0.2167974739618312 0.36549060935459166 0.19783449499578035 0.2579268903976953 0.10882591235818863 0.2150515969798275 0.09738839698994349 0 0.17454704619255804 0.18671603433946907 0.244342485290131 0.2624076252229033 0.23265005947597614 0.18766624930233822 0.5183078349205368 0.21317620310634414
0.12593494197247088 0.20430660713528306 0.20036481535660292 0.13994571159381 0.2601075842300232 0.3686284269246162 0.24769264765093837 0.2464519142402097 0.12427395320024 0.26816050910517975 0.13592683039733522 0.17454704619255804 0 0.19861656388262144 0.17170914210964275 0.3181923529755802 0.28421064537624635 0.22017721514110353 0.36530254029495324 0.25924455690460185
0.22334173672426935 0.13185548334752584 0.28871441814056115 0.2540839030242197 0.3440938469700796 0.21598100992401312 0.11766301973435521 0.13512009738500697 0.11281521496355325 0.3319008671725395 0.17627661877765757 0.18671603433946907 0.19861656388262144 0 0.2938150575308105 0.38193267401825803 0.35255323755531515 0.12436708454077275 0.5157195248469855 0.3362011296376934
0.15728357180692518 0.2528983800106327 0.18858746822104483 0.21486787516262043 0.18250783141315274 0.5032362797401965 0.33721080113471136 0.3532524757434298 0.2204138178115226 0.29291471116352136 0.20280940692787205 0.244342485290131 0.17170914210964275 0.2938150575308105 0 0.2126227653276078 0.18972492906155772 0.3077444274931087 0.30846794664627686 0.1673823614958633
0.21850309030834614 0.26576002822090805 0.19775799409760172 0.3519139745859547 0.12895306274993887 0.5850149598595342 0.3882759992081743 0.44797128058127356 0.32670981909310326 0.17035676178883014 0.24858757062146894 0.2624076252229033 0.3181923529755802 0.38193267401825803 0.2126227653276078 0 0.11016949152542373 0.38387636430144473 0.46934565779622284 0.09540122663112828
0.20078662352658835 0.24207844154775784 0.15995131875541316 0.32312101302892204 0.08883433211662455 0.5543713191049872 0.3658754607923181 0.42323666999703147 0.29545931465811076 0.16003210955920405 0.22598870056497175 0.23265005947597614 0.28421064537624635 0.35255323755531515 0.18972492906155772 0.11016949152542373 0 0.35434741320133356 0.46088897927737194 0.07805554906183222
0.24131421897636146 0.15253050915305105 0.3012383298079318 0.27361817060102633 0.3240594619567849 0.2700265367836869 0.16083607192932675 0.1645362954286044 0.12688807308166913 0.3286842065915059 0.1852270569006971 0.18766624930233822 0.22017721514110353 0.12436708454077275 0.3077444274931087 0.38387636430144473 0.35434741320133356 0 0.5303985818651256 0.34065934065934067
0.41987745553719086 0.5198945995477047 0.4570750570993018 0.3591519087528487 0.4418038132035543 0.483702969892151 0.6072627466974554 0.4977611827830985 0.43800055322943915 0.5795351571114202 0.4397472829802448 0.5183078349205368 0.36530254029495324 0.5157195248469855 0.30846794664627686 0.46934565779622284 0.46088897927737194 0.5303985818651256 0 0.4283988545833706
0.1752657833710246 0.21542770523507843 0.151788403304773 0.28811759502603795 0.06745129072403669 0.5416821929446509 0.3387746220954823 0.4078250057632075 0.27038996915275487 0.16641760632245015 0.20236623830845393 0.21317620310634414 0.25924455690460185 0.3362011296376934 0.1673823614958633 0.09540122663112828 0.07805554906183222 0.34065934065934067 0.4283988545833706 0
