0 0.36300986757587644 0.2173142926062534 0.2027072534733396 0.1759738847464967 0.3133232405509934 0.2932513213191659 0.19510160329200613 0.21327862635870634 0.3369333925506996 0.3056079661073528 0.2841734789833961 0.25396692912801005 0.2398989898989899 0.3332385479687497 0.32949251102532123 0.34782200006718894 0.29350238409054763 0.34530058116625717 0.584376647105785
0.36300986757587644 0 0.3758880428558741 0.4449547956651606 0.37090970656735855 0.5510478831474115 0.5266642504041525 0.4164474658629306 0.34672100845259857 0.17911543873914887 0.21755680426422203 0.5254093003799931 0.49696535789511326 0.4493845731942015 0.20933095868964352 0.5559784997863452 0.19139173101779178 0.5258722593966995 0.1851094933343694 0.3442820795180396
0.2173142926062534 0.3758880428558741 0 0.2337493359403298 0.19259042936625526 0.2895707190475435 0.2770167616292926 0.23688181107197157 0.246649146816435 0.34064851952494246 0.3031850417940707 0.27688109269519806 0.267182088573827 0.21369238772948249 0.35505265381364004 0.286661919948587 0.3458515269165109 0.25166879958410254 0.3696565469904723 0.6168662281326004
0.2027072534733396 0.4449547956651606 0.2337493359403298 0 0.21913011951684586 0.26562005289163515 0.24617373443384358 0.1876595191895222 0.2596238997478432 0.4119036817612559 0.3822314254639094 0.24046452671470087 0.2125526432515108 0.23046819516348688 0.40215737040484595 0.28156490813921886 0.42521508877657677 0.26421834971161134 0.41906191428050843 0.6578127282599521
0.1759738847464967 0.37090970656735855 0.19259042936625526 0.21913011951684586 0 0.31815167026517005 0.2841714738435709 0.2004238813728134 0.24018836184456743 0.3369428597766816 0.3138832187366081 0.29112302393616973 0.2663070471040685 0.229920363470657 0.3376230587802411 0.31707022662460677 0.33920071187276785 0.2837771684611171 0.35671095828421645 0.5924851567778908
0.3133232405509934 0.5510478831474115 0.2895707190475435 0.26562005289163515 0.31815167026517005 0 0.18821150997042027 0.30500355457709044 0.3373686481297862 0.5002064547816764 0.47096306095435275 0.182386252862301 0.19246805087615412 0.22518894612091228 0.5245077759019124 0.1798100442808474 0.5313078908571626 0.18220876954181497 0.5317091199750169 0.8125360004431
0.2932513213191659 0.5266642504041525 0.2770167616292926 0.24617373443384358 0.2841714738435709 0.18821150997042027 0 0.28277696222794596 0.34120605010382066 0.48793626970933396 0.45401261103673335 0.1743249263974701 0.19293530482894783 0.21661130463637926 0.5098318731955849 0.1726860923901473 0.5065872372518813 0.17522629615151658 0.5138823029769297 0.7883454906493609
0.19510160329200613 0.4164474658629306 0.23688181107197157 0.1876595191895222 0.2004238813728134 0.30500355457709044 0.28277696222794596 0 0.2413648474017744 0.3935471042053946 0.3594657409667318 0.27369437714877953 0.24543276958674096 0.2557686885682574 0.37119569489210896 0.320506445535721 0.38912329029221376 0.2911957673957423 0.3802748175504822 0.6134683944822974
0.21327862635870634 0.34672100845259857 0.246649146816435 0.2596238997478432 0.24018836184456743 0.3373686481297862 0.34120605010382066 0.2413648474017744 0 0.3153985446437953 0.2975754808900765 0.32783268176030533 0.29104095979189465 0.26964054563668277 0.330172294300724 0.3510755927413142 0.34407071627155217 0.33272240062455577 0.32535381394125773 0.5760478738012269
0.3369333925506996 0.17911543873914887 0.34064851952494246 0.4119036817612559 0.3369428597766816 0.5002064547816764 0.48793626970933396 0.3935471042053946 0.3153985446437953 0 0.18416698433231493 0.4794620472635347 0.45251909392912637 0.40181804420565564 0.22527838382623167 0.4958703396328773 0.18778725006109254 0.47023303838349934 0.20373383832310052 0.37638473812175205
0.3056079661073528 0.21755680426422203 0.3031850417940707 0.3822314254639094 0.3138832187366081 0.47096306095435275 0.45401261103673335 0.3594657409667318 0.2975754808900765 0.18416698433231493 0 0.4530070866838418 0.42836456410730883 0.3801664779458759 0.22466504943324064 0.47299077733860345 0.18011242524097631 0.437284271515432 0.20778639748833078 0.40652415604698955
0.2841734789833961 0.5254093003799931 0.27688109269519806 0.24046452671470087 0.29112302393616973 0.182386252862301 0.1743249263974701 0.27369437714877953 0.32783268176030533 0.4794620472635347 0.4530070866838418 0 0.17402025497415413 0.21529505018151343 0.4946420460146682 0.1952237340948409 0.5088682297161394 0.1785428815373083 0.5050794840033231 0.7832931410061476
0.25396692912801005 0.49696535789511326 0.267182088573827 0.2125526432515108 0.2663070471040685 0.19246805087615412 0.19293530482894783 0.24543276958674096 0.29104095979189465 0.45251909392912637 0.42836456410730883 0.17402025497415413 0 0.19980663590185196 0.47296721310346024 0.21068746626256918 0.48686013815649976 0.19998707495854845 0.4708924723656285 0.7436771195641858
0.2398989898989899 0.4493845731942015 0.21369238772948249 0.23046819516348688 0.229920363470657 0.22518894612091228 0.21661130463637926 0.2557686885682574 0.26964054563668277 0.40181804420565564 0.3801664779458759 0.21529505018151343 0.19980663590185196 0 0.4331620259888163 0.21318983960043894 0.4263686695198792 0.1906511212895865 0.4412662219031615 0.7060143823046577
0.3332385479687497 0.20933095868964352 0.35505265381364004 0.40215737040484595 0.3376230587802411 0.5245077759019124 0.5098318731955849 0.37119569489210896 0.330172294300724 0.22527838382623167 0.22466504943324064 0.4946420460146682 0.47296721310346024 0.4331620259888163 0 0.5323880868387703 0.19133235148900074 0.5003338552048523 0.18952878740396042 0.3863814213339467
0.32949251102532123 0.5559784997863452 0.286661919948587 0.28156490813921886 0.31707022662460677 0.1798100442808474 0.1726860923901473 0.320506445535721 0.3510755927413142 0.4958703396328773 0.47299077733860345 0.1952237340948409 0.21068746626256918 0.21318983960043894 0.5323880868387703 0 0.5328174303593326 0.17006191769584672 0.5489062393960029 0.8304647074941114
0.34782200006718894 0.19139173101779178 0.3458515269165109 0.42521508877657677 0.33920071187276785 0.5313078908571626 0.5065872372518813 0.38912329029221376 0.34407071627155217 0.18778725006109254 0.18011242524097631 0.5088682297161394 0.48686013815649976 0.4263686695198792 0.19133235148900074 0.5328174303593326 0 0.4926855090726267 0.20066041019861366 0.349423632832718
0.29350238409054763 0.5258722593966995 0.25166879958410254 0.26421834971161134 0.2837771684611171 0.18220876954181497 0.17522629615151658 0.2911957673957423 0.33272240062455577 0.47023303838349934 0.437284271515432 0.1785428815373083 0.19998707495854845 0.1906511212895865 0.5003338552048523 0.17006191769584672 0.4926855090726267 0 0.513035621875147 0.788267372096683
0.34530058116625717 0.1851094933343694 0.3696565469904723 0.41906191428050843 0.35671095828421645 0.5317091199750169 0.5138823029769297 0.3802748175504822 0.32535381394125773 0.20373383832310052 0.20778639748833078 0.5050794840033231 0.4708924723656285 0.4412662219031615 0.18952878740396042 0.5489062393960029 0.20066041019861366 0.513035621875147 0 0.3402858897709835
0.584376647105785 0.3442820795180396 0.6168662281326004 0.6578127282599521 0.5924851567778908 0.8125360004431 0.7883454906493609 0.6134683944822974 0.5760478738012269 0.37638473812175205 0.40652415604698955 0.7832931410061476 0.7436771195641858 0.7060143823046577 0.3863814213339467 0.8304647074941114 0.349423632832718 0.788267372096683 0.3402858897709835 0
