0 0.14178537577446115 0.291378186213806 0.67420697757434 0.34236137191192983 0.45629970823766064 0.7127580855673731 0.6028390114779413 0.2723915179806976 0.17900825691558486 0.6932043594767927 0.6106159858375744 0.43807356096442696 0.109442412872831 0.45667334098754025 0.7643395684153809 0.30078423137883054 0.22297213123500523 0.32325320574520205 0.7182591869956131
0.14178537577446115 0 0.28654922958619233 0.6480198666427153 0.23196983463968346 0.4507501990037957 0.6578597028261574 0.5771573459733019 0.24729162843290955 0.2005392827536394 0.669824132257885 0.5900022492252122 0.4263823197130396 0.079310816355839 0.4263348230985812 0.7088150528562922 0.3531917550107309 0.13076427884296607 0.3758541732930202 0.7364939313730109
0.291378186213806 0.28654922958619233 0 0.4226968705513017 0.29212723531908363 0.24688275121081815 0.4889157382883282 0.3620974890869824 0.1978448656567281 0.1598140811710299 0.4462514461875856 0.3738120920476116 0.2588901104845413 0.22891457544619095 0.26533280335808496 0.46393697861759675 0.20169607409740606 0.20300784038464575 0.17403103964582586 0.49660232887830813
0.67420697757434 0.6480198666427153 0.4226968705513017 0 0.4497641705511316 0.23601051322283106 0.14057302254488863 0.09459822310306336 0.4478195047411192 0.5054533148885603 0.061292561676243175 0.10199223223435509 0.35395875787319825 0.6110860981239776 0.3276664312565996 0.08590227164758905 0.4345174707333475 0.5592337804427582 0.3455654544700783 0.0873856641405228
0.34236137191192983 0.23196983463968346 0.29212723531908363 0.4497641705511316 0 0.2450286495757718 0.40985981126067345 0.36226819609177763 0.1345621615552858 0.2663539477892116 0.5031212392216137 0.3616430356980171 0.19133453213060803 0.2816243113947711 0.19652308742738087 0.47985485835930275 0.24426598437301575 0.1576938628662767 0.28280545702322374 0.4946590218493087
0.45629970823766064 0.4507501990037957 0.24688275121081815 0.23601051322283106 0.2450286495757718 0 0.2625034517446105 0.16368915420327915 0.23863463691631326 0.28471320694884306 0.272908509274909 0.1602269082692068 0.14784989723080946 0.40110261056368257 0.13942721306690042 0.3034305080423148 0.21140180143386794 0.3568034485251789 0.1548726029388016 0.2751289790366921
0.7127580855673731 0.6578597028261574 0.4889157382883282 0.14057302254488863 0.40985981126067345 0.2625034517446105 0 0.1354028507541003 0.470095052979934 0.5545276639262678 0.13763702876346667 0.11776968271164602 0.30031615474182044 0.6951551954397148 0.2804741364529148 0.204697285678365 0.4294042627097841 0.5492424242424242 0.36534652894825626 0.09714675002649863
0.6028390114779413 0.5771573459733019 0.3620974890869824 0.09459822310306336 0.36226819609177763 0.16368915420327915 0.1354028507541003 0 0.35738074732599445 0.4317114188128105 0.13216365626034532 0.050173099187397444 0.28326252655143713 0.5350051766984683 0.2590938625858004 0.15107334749409979 0.3627314076201206 0.4689276216592219 0.28435396567321103 0.1397792998360612
0.2723915179806976 0.24729162843290955 0.1978448656567281 0.4478195047411192 0.1345621615552858 0.23863463691631326 0.470095052979934 0.35738074732599445 0 0.1392715036327889 0.5012360958294766 0.3556236356953392 0.2186703378185509 0.1999763481676727 0.23348267060452566 0.49518997135629506 0.12779510424875726 0.15629134228943256 0.1785593749207204 0.49075145082525967
0.17900825691558486 0.2005392827536394 0.1598140811710299 0.5054533148885603 0.2663539477892116 0.28471320694884306 0.5545276639262678 0.4317114188128105 0.1392715036327889 0 0.5531445404255075 0.43467225538888865 0.2940824239047438 0.13834699581349025 0.3085652520261627 0.5865033651885568 0.17104719482395161 0.20059435495071948 0.20957331090665363 0.5647579191196773
0.6932043594767927 0.669824132257885 0.4462514461875856 0.061292561676243175 0.5031212392216137 0.272908509274909 0.13763702876346667 0.13216365626034532 0.5012360958294766 0.5531445404255075 0 0.14393158219598504 0.3634184776640924 0.6311657471233951 0.34977064867987495 0.09536513243667673 0.45522951452107 0.6058205345098675 0.3610614587064483 0.06346119762437535
0.6106159858375744 0.5900022492252122 0.3738120920476116 0.10199223223435509 0.3616430356980171 0.1602269082692068 0.11776968271164602 0.050173099187397444 0.3556236356953392 0.43467225538888865 0.14393158219598504 0 0.2686391167032954 0.5448486447127238 0.24034572462721263 0.1722917541725776 0.3464293548074996 0.4679685106835543 0.2859506394833109 0.1333695214083011
0.43807356096442696 0.4263823197130396 0.2588901104845413 0.35395875787319825 0.19133453213060803 0.14784989723080946 0.30031615474182044 0.28326252655143713 0.2186703378185509 0.2940824239047438 0.3634184776640924 0.2686391167032954 0 0.4347118003120286 0.05298322774092692 0.42971014492753623 0.1631883414420549 0.30467521275564363 0.11828640824531857 0.35446975658955354
0.109442412872831 0.079310816355839 0.22891457544619095 0.6110860981239776 0.2816243113947711 0.40110261056368257 0.6951551954397148 0.5350051766984683 0.1999763481676727 0.13834699581349025 0.6311657471233951 0.5448486447127238 0.4347118003120286 0 0.44385026737967914 0.6975501653797642 0.2985294117647059 0.1250411010811756 0.317459268645234 0.6991976381734921
0.45667334098754025 0.4263348230985812 0.26533280335808496 0.3276664312565996 0.19652308742738087 0.13942721306690042 0.2804741364529148 0.2590938625858004 0.23348267060452566 0.3085652520261627 0.34977064867987495 0.24034572462721263 0.05298322774092692 0.44385026737967914 0 0.40549830297722733 0.17613636363636365 0.3065682214498633 0.13208969569504492 0.3401820158790223
0.7643395684153809 0.7088150528562922 0.46393697861759675 0.08590227164758905 0.47985485835930275 0.3034305080423148 0.204697285678365 0.15107334749409979 0.49518997135629506 0.5865033651885568 0.09536513243667673 0.1722917541725776 0.42971014492753623 0.6975501653797642 0.40549830297722733 0 0.5097692951713715 0.5816156002537455 0.42439729503774903 0.1505246479355788
0.30078423137883054 0.3531917550107309 0.20169607409740606 0.4345174707333475 0.24426598437301575 0.21140180143386794 0.4294042627097841 0.3627314076201206 0.12779510424875726 0.17104719482395161 0.45522951452107 0.3464293548074996 0.1631883414420549 0.2985294117647059 0.17613636363636365 0.5097692951713715 0 0.27292921816236854 0.11646956501364675 0.4444685840953289
0.22297213123500523 0.13076427884296607 0.20300784038464575 0.5592337804427582 0.1576938628662767 0.3568034485251789 0.5492424242424242 0.4689276216592219 0.15629134228943256 0.20059435495071948 0.6058205345098675 0.4679685106835543 0.30467521275564363 0.1250411010811756 0.3065682214498633 0.5816156002537455 0.27292921816236854 0 0.31473215167213625 0.6052092557396963
0.32325320574520205 0.3758541732930202 0.17403103964582586 0.3455654544700783 0.28280545702322374 0.1548726029388016 0.36534652894825626 0.28435396567321103 0.1785593749207204 0.20957331090665363 0.3610614587064483 0.2859506394833109 0.11828640824531857 0.317459268645234 0.13208969569504492 0.42439729503774903 0.11646956501364675 0.31473215167213625 0 0.3787952910684393
0.7182591869956131 0.7364939313730109 0.49660232887830813 0.0873856641405228 0.4946590218493087 0.2751289790366921 0.09714675002649863 0.1397792998360612 0.49075145082525967 0.5647579191196773 0.06346119762437535 0.1333695214083011 0.35446975658955354 0.6991976381734921 0.3401820158790223 0.1505246479355788 0.4444685840953289 0.6052092557396963 0.3787952910684393 0
