0 0.1164445019479164 0.26240916953929594 0.2578429764284245 0.35768378598860223 0.29852169752510566 0.20195425666999206 0.1914105542953735 0.35931166538446246 0.2118219234411991 0.32798705865863753 0.2658647619055825 0.48808900433691904 0.15328605577306878 0.1791264093412839 0.1812152947486703 0.10892211246265668 0.15355659838808067 0.25000073640630777 0.10232888927846659
0.1164445019479164 0 0.28784364508446725 0.27019317766452594 0.38023331150539186 0.3003735802877742 0.1675720190781221 0.16857811297384226 0.36711802056782916 0.22628561889932058 0.34089530481298425 0.2864532277052168 0.5039794131640776 0.15044425525475374 0.17647147950654543 0.1542691092019085 0.1055495840717668 0.1468618728932468 0.22154398898732292 0.09489072926966513
0.26240916953929594 0.28784364508446725 0 0.16793047086209087 0.19899845909585978 0.13851918140161926 0.35544730488589993 0.367476196160602 0.1759359279819009 0.17900726799670263 0.2363476622889392 0.1698063483105802 0.3227629753984924 0.28318457536349356 0.25055349419838385 0.329510284262007 0.26249842394441336 0.33074480772205356 0.411148873354808 0.2784608315922157
0.2578429764284245 0.27019317766452594 0.16793047086209087 0 0.19332023414666727 0.24799721944070324 0.3564169013394159 0.34960338443503786 0.232875835746299 0.1867079991996597 0.24633088403386294 0.1535763421855966 0.3544455766519557 0.30062359274929173 0.2340072253779196 0.34075538304349334 0.26641128015004223 0.3171170302648564 0.40423504656765663 0.2655891097248965
0.35768378598860223 0.38023331150539186 0.19899845909585978 0.19332023414666727 0 0.27523229581750835 0.4754683528668165 0.46170762465909143 0.21039322054244294 0.25776339341813376 0.19628864709825683 0.17440587953536457 0.23367712572641275 0.42094597297074576 0.35577015726661304 0.45326269136810615 0.38081922540339724 0.42348334358654166 0.5318299724807956 0.3655344317303665
0.29852169752510566 0.3003735802877742 0.13851918140161926 0.24799721944070324 0.27523229581750835 0 0.35378346543044126 0.39474407664063876 0.18763164964421702 0.18135366987467288 0.2149036917436672 0.2492563196215637 0.33221169137969897 0.3168537141754196 0.2852035889896944 0.33608027450159794 0.28569191671064653 0.3651855285565123 0.4124078317646286 0.29831110018141566
0.20195425666999206 0.1675720190781221 0.35544730488589993 0.3564169013394159 0.4754683528668165 0.35378346543044126 0 0.13951013752462754 0.44797365880506934 0.3064718689891807 0.4388313392376189 0.3828327087712869 0.6084074641233634 0.14238161759092596 0.20688518703770067 0.11249905587431187 0.15920471896621557 0.14088200513530216 0.1330170610407575 0.17825646581635396
0.1914105542953735 0.16857811297384226 0.367476196160602 0.34960338443503786 0.46170762465909143 0.39474407664063876 0.13951013752462754 0 0.4770948346738046 0.3151352762376388 0.4415401069598122 0.3605447878482329 0.6033843132125588 0.15797273189891572 0.22652744400522667 0.14806300332961106 0.1763299238377188 0.11963354704968382 0.1568406924265553 0.1653076517172628
0.35931166538446246 0.36711802056782916 0.1759359279819009 0.232875835746299 0.21039322054244294 0.18763164964421702 0.44797365880506934 0.4770948346738046 0 0.2285104064500917 0.14423076923076922 0.21335660485828273 0.20442300944063707 0.4084206087135047 0.37619635827575715 0.42790955892182553 0.34804860479139366 0.4381609840030496 0.5137581593105082 0.36366149273112813
0.2118219234411991 0.22628561889932058 0.17900726799670263 0.1867079991996597 0.25776339341813376 0.18135366987467288 0.3064718689891807 0.3151352762376388 0.2285104064500917 0 0.1849340033596091 0.16060919955182765 0.3419927840283847 0.28023544250288807 0.24969347256946314 0.2952212950431494 0.22347353618819374 0.29097035109357383 0.3759059243240514 0.21004424004408706
0.32798705865863753 0.34089530481298425 0.2363476622889392 0.24633088403386294 0.19628864709825683 0.2149036917436672 0.4388313392376189 0.4415401069598122 0.14423076923076922 0.1849340033596091 0 0.17177942032179686 0.2292852673455794 0.4067259173910421 0.37354085457028124 0.42197813929320616 0.3444512031914826 0.4117349324386633 0.5018839337486319 0.3249936884407297
0.2658647619055825 0.2864532277052168 0.1698063483105802 0.1535763421855966 0.17440587953536457 0.2492563196215637 0.3828327087712869 0.3605447878482329 0.21335660485828273 0.16060919955182765 0.17177942032179686 0 0.3130849675832096 0.3316835036643727 0.2788024350676924 0.3679372819718739 0.2947312864008096 0.3352348326765751 0.4403013858660223 0.2765724825842695
0.48808900433691904 0.5039794131640776 0.3227629753984924 0.3544455766519557 0.23367712572641275 0.33221169137969897 0.6084074641233634 0.6033843132125588 0.20442300944063707 0.3419927840283847 0.2292852673455794 0.3130849675832096 0 0.5647808881273684 0.5340431499884103 0.5881511317740181 0.5033259034795909 0.5721037833391434 0.673189205626957 0.48351261552288455
0.15328605577306878 0.15044425525475374 0.28318457536349356 0.30062359274929173 0.42094597297074576 0.3168537141754196 0.14238161759092596 0.15797273189891572 0.4084206087135047 0.28023544250288807 0.4067259173910421 0.3316835036643727 0.5647808881273684 0 0.15663301758982084 0.12544802867383512 0.123636721372591 0.13101198118607738 0.1886316970855474 0.15772133025433888
0.1791264093412839 0.17647147950654543 0.25055349419838385 0.2340072253779196 0.35577015726661304 0.2852035889896944 0.20688518703770067 0.22652744400522667 0.37619635827575715 0.24969347256946314 0.37354085457028124 0.2788024350676924 0.5340431499884103 0.15663301758982084 0 0.19157902948237052 0.14836311182626877 0.18896704125820202 0.2600146855530847 0.18442428516974071
0.1812152947486703 0.1542691092019085 0.329510284262007 0.34075538304349334 0.45326269136810615 0.33608027450159794 0.11249905587431187 0.14806300332961106 0.42790955892182553 0.2952212950431494 0.42197813929320616 0.3679372819718739 0.5881511317740181 0.12544802867383512 0.19157902948237052 0 0.14012161755560315 0.14182948421979016 0.1618437637716235 0.16745721483794004
0.10892211246265668 0.1055495840717668 0.26249842394441336 0.26641128015004223 0.38081922540339724 0.28569191671064653 0.15920471896621557 0.1763299238377188 0.34804860479139366 0.22347353618819374 0.3444512031914826 0.2947312864008096 0.5033259034795909 0.123636721372591 0.14836311182626877 0.14012161755560315 0 0.13841481497779196 0.21383239280378893 0.11091195382607635
0.15355659838808067 0.1468618728932468 0.33074480772205356 0.3171170302648564 0.42348334358654166 0.3651855285565123 0.14088200513530216 0.11963354704968382 0.4381609840030496 0.29097035109357383 0.4117349324386633 0.3352348326765751 0.5721037833391434 0.13101198118607738 0.18896704125820202 0.14182948421979016 0.13841481497779196 0 0.17629402528949187 0.13908289932166945
0.25000073640630777 0.22154398898732292 0.411148873354808 0.40423504656765663 0.5318299724807956 0.4124078317646286 0.1330170610407575 0.1568406924265553 0.5137581593105082 0.3759059243240514 0.5018839337486319 0.4403013858660223 0.673189205626957 0.1886316970855474 0.2600146855530847 0.1618437637716235 0.21383239280378893 0.17629402528949187 0 0.23223964401784955
0.10232888927846659 0.09489072926966513 0.2784608315922157 0.2655891097248965 0.3655344317303665 0.29831110018141566 0.17825646581635396 0.1653076517172628 0.36366149273112813 0.21004424004408706 0.3249936884407297 0.2765724825842695 0.48351261552288455 0.15772133025433888 0.18442428516974071 0.16745721483794004 0.11091195382607635 0.13908289932166945 0.23223964401784955 0
