0 0.17964190348530462 0.07506170865422059 0.09509433365111973 0.13191821135431425 0.07853066461447085 0.08651813984134094 0.18356513156830853 0.20175288189295507 0.22998945338818597 0.09889847151615444 0.05584897806489173 0.2041241452319315 0.14611347479503395 0.15775643982088403 0.02857298961946535 0.20152775370913828 0.05241127912379302 0.13382078903151656 0.17001848092777466
0.17964190348530462 0 0.13856632693135676 0.12856120665507423 0.2461705295664435 0.12245488074748315 0.20203133826222472 0.3457827891065948 0.37221875023909884 0.41800278385739753 0.1455788889824031 0.23666482649371015 0.06059443278155596 0.033096992932077206 0.05381166239429923 0.1690308509457033 0.07518450212381479 0.14516782416902654 0.28199619628445177 0.2831640638895388
0.07506170865422059 0.13856632693135676 0 0.11383006492212523 0.1988650543283664 0.02492330799770849 0.13492021050777828 0.2628143175850132 0.2490852599760658 0.3040894908911166 0.11902549096895519 0.1065427856321713 0.1628815351356346 0.10522897599486018 0.11168338728261301 0.05822036061044615 0.14104723097214492 0.029412392940900117 0.20316121551311214 0.2395894340389344
0.09509433365111973 0.12856120665507423 0.11383006492212523 0 0.13053741690298593 0.08925147374926987 0.1030654644380908 0.24090060873093316 0.266570345689248 0.3108911059934168 0.017684241887227888 0.14394294424590093 0.16645639770763368 0.12331425126736546 0.11558152329860143 0.10764117405284497 0.17171884349000274 0.09820842820734642 0.18115985931249654 0.167459344518986
0.13191821135431425 0.2461705295664435 0.1988650543283664 0.13053741690298593 0 0.1916917636602215 0.06831300510639732 0.1540597178735891 0.21172621079637832 0.22271770159368698 0.1188588450393647 0.17773889166639545 0.24727149550294492 0.24648201447295623 0.23800738544833083 0.1579190414273092 0.2597678612467191 0.1748052084528823 0.0722806322324201 0.03706246583305506
0.07853066461447085 0.12245488074748315 0.02492330799770849 0.08925147374926987 0.1916917636602215 0 0.12754909509521123 0.2516162567738716 0.2443364385686764 0.31348116410969945 0.092838945510794 0.11892859328437051 0.14671529806812117 0.08917771403534265 0.10932868711657455 0.06783512996927465 0.12493061337239429 0.03409223814527855 0.19570230206934228 0.23161890024175866
0.08651813984134094 0.20203133826222472 0.13492021050777828 0.1030654644380908 0.06831300510639732 0.12754909509521123 0 0.17879089611069476 0.20412414523193154 0.24777925220471803 0.10433011867409833 0.13612955234516022 0.19158046767986492 0.18549244510060803 0.19639704245362555 0.10000234573838013 0.20269048663750686 0.11038332779355679 0.07715167498104596 0.10055055144616404
0.18356513156830853 0.3457827891065948 0.2628143175850132 0.24090060873093316 0.1540597178735891 0.2516162567738716 0.17879089611069476 0 0.0627059712862456 0.06751083655872354 0.22837359912891914 0.17137031638388378 0.3713250732733768 0.31738584749172877 0.3392261759952664 0.2135688424968326 0.3773580597697328 0.2333686130469177 0.10884733498427615 0.14950503349745595
0.20175288189295507 0.37221875023909884 0.2490852599760658 0.266570345689248 0.21172621079637832 0.2443364385686764 0.20412414523193154 0.0627059712862456 0 0.0905075133749915 0.25396825396825395 0.16403487477183287 0.39798344327016827 0.3371071728279792 0.36638961327171704 0.23237142972224697 0.37484156984116956 0.2384284948440481 0.13858697343671664 0.2073151992419627
0.22998945338818597 0.41800278385739753 0.3040894908911166 0.3108911059934168 0.22271770159368698 0.31348116410969945 0.24777925220471803 0.06751083655872354 0.0905075133749915 0 0.29814239699997197 0.2057782955309817 0.44418517476787545 0.3823595564509363 0.3908749321207315 0.2529837273097321 0.44280744277004763 0.27701415506299165 0.1690308509457033 0.20893707391150296
0.09889847151615444 0.1455788889824031 0.11902549096895519 0.017684241887227888 0.1188588450393647 0.092838945510794 0.10433011867409833 0.22837359912891914 0.25396825396825395 0.29814239699997197 0 0.14849787388269753 0.1835722664900274 0.14078702942501836 0.1326383356085281 0.11157184170779366 0.18922819710220887 0.10196254838691635 0.16938407864487592 0.1557325000953395
0.05584897806489173 0.23666482649371015 0.1065427856321713 0.14394294424590093 0.17773889166639545 0.11892859328437051 0.13612955234516022 0.17137031638388378 0.16403487477183287 0.2057782955309817 0.14849787388269753 0 0.26144286459287225 0.20278316298300214 0.20344621620816994 0.07295403765454289 0.24478188657089547 0.08996764625444677 0.11699696134464141 0.17355268079259623
0.2041241452319315 0.06059443278155596 0.1628815351356346 0.16645639770763368 0.24727149550294492 0.14671529806812117 0.19158046767986492 0.3713250732733768 0.39798344327016827 0.44418517476787545 0.1835722664900274 0.26144286459287225 0 0.057165135619690374 0.1106229922648825 0.19346620567317402 0.03406069169811806 0.1695072365327382 0.26553035902267297 0.28665327053450074
0.14611347479503395 0.033096992932077206 0.10522897599486018 0.12331425126736546 0.24648201447295623 0.08917771403534265 0.18549244510060803 0.31738584749172877 0.3371071728279792 0.3823595564509363 0.14078702942501836 0.20278316298300214 0.057165135619690374 0 0.0684580079744893 0.13555692745397502 0.061968066612326726 0.11180339887498948 0.2514128830451402 0.28505557381314844
0.15775643982088403 0.05381166239429923 0.11168338728261301 0.11558152329860143 0.23800738544833083 0.10932868711657455 0.19639704245362555 0.3392261759952664 0.36638961327171704 0.3908749321207315 0.1326383356085281 0.20344621620816994 0.1106229922648825 0.0684580079744893 0 0.13223939039414123 0.1269729213736076 0.12078713049182233 0.2784656768711489 0.27738099680999123
0.02857298961946535 0.1690308509457033 0.05822036061044615 0.10764117405284497 0.1579190414273092 0.06783512996927465 0.10000234573838013 0.2135688424968326 0.23237142972224697 0.2529837273097321 0.11157184170779366 0.07295403765454289 0.19346620567317402 0.13555692745397502 0.13223939039414123 0 0.1907105676726959 0.035700152764953495 0.16128249005471268 0.19665640099689205
0.20152775370913828 0.07518450212381479 0.14104723097214492 0.17171884349000274 0.2597678612467191 0.12493061337239429 0.20269048663750686 0.3773580597697328 0.37484156984116956 0.44280744277004763 0.18922819710220887 0.24478188657089547 0.03406069169811806 0.061968066612326726 0.1269729213736076 0.1907105676726959 0 0.1578730205224285 0.266958290588226 0.30027702141982193
0.05241127912379302 0.14516782416902654 0.029412392940900117 0.09820842820734642 0.1748052084528823 0.03409223814527855 0.11038332779355679 0.2333686130469177 0.2384284948440481 0.27701415506299165 0.10196254838691635 0.08996764625444677 0.1695072365327382 0.11180339887498948 0.12078713049182233 0.035700152764953495 0.1578730205224285 0 0.1763123604699044 0.21412778545070765
0.13382078903151656 0.28199619628445177 0.20316121551311214 0.18115985931249654 0.0722806322324201 0.19570230206934228 0.07715167498104596 0.10884733498427615 0.13858697343671664 0.1690308509457033 0.16938407864487592 0.11699696134464141 0.26553035902267297 0.2514128830451402 0.2784656768711489 0.16128249005471268 0.266958290588226 0.1763123604699044 0 0.06407032156159438
0.17001848092777466 0.2831640638895388 0.2395894340389344 0.167459344518986 0.03706246583305506 0.23161890024175866 0.10055055144616404 0.14950503349745595 0.2073151992419627 0.20893707391150296 0.1557325000953395 0.17355268079259623 0.28665327053450074 0.28505557381314844 0.27738099680999123 0.19665640099689205 0.30027702141982193 0.21412778545070765 0.06407032156159438 0
