0 0.11496315671718134 0.1353288084470256 0.13078903447604906 0.2706315598935416 0.22187805386840684 0.10907374089228833 0.13362772868547085 0.3275114528730966 0.15410124056297647 0.19725266384586587 0.13505710220380612 0.18621176413131313 0.17558426154761658 0.11514936513341267 0.21457204858020662 0.34890894959276725 0.10120197910947197 0.18217233182721557 0.16576498565062928
0.11496315671718134 0 0.15224981853438205 0.07508307305285403 0.24117966850524905 0.1953101139010784 0.1647963370394349 0.09252465706399832 0.3929476846500116 0.131790193738812 0.1710663390530374 0.0841078844910208 0.19589897624627134 0.15653019539661112 0.14017597275970542 0.26881733780512945 0.39221347472539025 0.09039668160017693 0.19760337279702989 0.20324855744350212
0.1353288084470256 0.15224981853438205 0 0.16949050400472476 0.18632667778392467 0.1729531209444128 0.16829908858398562 0.10769257383674626 0.40308945331029966 0.09322040729883614 0.1680027429243167 0.1563476056061004 0.09939005225412721 0.10238004015144071 0.15979776479040847 0.21254017481030457 0.42419779298416155 0.10562266547422455 0.09288407280256479 0.1607426232000244
0.13078903447604906 0.07508307305285403 0.16949050400472476 0 0.24133997405203145 0.18915385154746314 0.1606410656175742 0.111494595924111 0.394114877469788 0.14519237576254618 0.15442115693366223 0.06981027435432952 0.20942248330283364 0.1668757060734871 0.13620337161798948 0.28754746255381863 0.3933998149466872 0.1099798087888802 0.21036952039867493 0.2208935019823349
0.2706315598935416 0.24117966850524905 0.18632667778392467 0.24133997405203145 0 0.11198197396591282 0.30031817427972607 0.2145622710239211 0.5618332187193684 0.1997311868324883 0.15341271910257356 0.2217123915989426 0.1474840518696628 0.13947101332164707 0.2577283600695286 0.3203442261404054 0.5862550119884153 0.21415188696123172 0.18960849282724887 0.2639368420274762
0.22187805386840684 0.1953101139010784 0.1729531209444128 0.18915385154746314 0.11198197396591282 0 0.26086213449327933 0.1888524571033356 0.5131614437443642 0.18636719409499944 0.09362536314523409 0.17495453020396254 0.16220401038544566 0.13048149357769045 0.22772126603029902 0.32809023659720865 0.5378076165192549 0.16947432602775275 0.20089787300278408 0.2662575673007965
0.10907374089228833 0.1647963370394349 0.16829908858398562 0.1606410656175742 0.30031817427972607 0.26086213449327933 0 0.18541092374436696 0.2886328847761294 0.2087637162629546 0.21627173768557606 0.17715983095458077 0.20370663442098225 0.22541217267255598 0.10286701054093995 0.18840716736349658 0.3176480745275955 0.15374977993769862 0.19720476673180926 0.17422899688029736
0.13362772868547085 0.09252465706399832 0.10769257383674626 0.111494595924111 0.2145622710239211 0.1888524571033356 0.18541092374436696 0 0.4149120011255042 0.08393587874544169 0.18195095254303204 0.10940501279488687 0.15283061881908583 0.12169874827430031 0.17476444945519046 0.24979184356351505 0.4021189049667304 0.10593510160639857 0.15301749231201509 0.18359440261896492
0.3275114528730966 0.3929476846500116 0.40308945331029966 0.394114877469788 0.5618332187193684 0.5131614437443642 0.2886328847761294 0.4149120011255042 0 0.4311121707091557 0.47059175924997765 0.4089543268166327 0.4504494912962962 0.4588878550446358 0.3481084454633044 0.286819000511328 0.11982577186865967 0.38662875736431473 0.4114792017353875 0.3478001102831683
0.15410124056297647 0.131790193738812 0.09322040729883614 0.14519237576254618 0.1997311868324883 0.18636719409499944 0.2087637162629546 0.08393587874544169 0.4311121707091557 0 0.1797851493680334 0.13127263050010582 0.12771552967218774 0.10053274974215416 0.19514386818392396 0.24562233792612828 0.42280187068846403 0.12907607661322396 0.13373581334464454 0.18623583914772815
0.19725266384586587 0.1710663390530374 0.1680027429243167 0.15442115693366223 0.15341271910257356 0.09362536314523409 0.21627173768557606 0.18195095254303204 0.47059175924997765 0.1797851493680334 0 0.1386061505640029 0.16057111202418686 0.12744304562738337 0.19214862760254328 0.323720320753182 0.5007888207497381 0.14996888175644252 0.19960923581229212 0.2612891036678254
0.13505710220380612 0.0841078844910208 0.1563476056061004 0.06981027435432952 0.2217123915989426 0.17495453020396254 0.17715983095458077 0.10940501279488687 0.4089543268166327 0.13127263050010582 0.1386061505640029 0 0.20012118825165165 0.1542898148572092 0.15093885858609948 0.29476098056431177 0.4051011567655649 0.09770146814451901 0.2039472645228032 0.22864862753539408
0.18621176413131313 0.19589897624627134 0.09939005225412721 0.20942248330283364 0.1474840518696628 0.16220401038544566 0.20370663442098225 0.15283061881908583 0.4504494912962962 0.12771552967218774 0.16057111202418686 0.20012118825165165 0 0.09542719297970054 0.17310463755637645 0.22604415986384813 0.4729248327788292 0.1501548952075839 0.09197047011643286 0.16710563165361655
0.17558426154761658 0.15653019539661112 0.10238004015144071 0.1668757060734871 0.13947101332164707 0.13048149357769045 0.22541217267255598 0.12169874827430031 0.4588878550446358 0.10053274974215416 0.12744304562738337 0.1542898148572092 0.09542719297970054 0 0.19524508248618153 0.2637702676084674 0.48225223537137296 0.11910741756862837 0.13737604482600857 0.21112826508848065
0.11514936513341267 0.14017597275970542 0.15979776479040847 0.13620337161798948 0.2577283600695286 0.22772126603029902 0.10286701054093995 0.17476444945519046 0.3481084454633044 0.19514386818392396 0.19214862760254328 0.15093885858609948 0.17310463755637645 0.19524508248618153 0 0.21815510753543066 0.3707467979457785 0.12601420207727204 0.17061770443451627 0.15786162532371065
0.21457204858020662 0.26881733780512945 0.21254017481030457 0.28754746255381863 0.3203442261404054 0.32809023659720865 0.18840716736349658 0.24979184356351505 0.286819000511328 0.24562233792612828 0.323720320753182 0.29476098056431177 0.22604415986384813 0.2637702676084674 0.21815510753543066 0 0.33276861406387376 0.24372720732492273 0.18100983577736598 0.13514594920607886
0.34890894959276725 0.39221347472539025 0.42419779298416155 0.3933998149466872 0.5862550119884153 0.5378076165192549 0.3176480745275955 0.4021189049667304 0.11982577186865967 0.42280187068846403 0.5007888207497381 0.4051011567655649 0.4729248327788292 0.48225223537137296 0.3707467979457785 0.33276861406387376 0 0.3986318449688033 0.43710726980034376 0.3675261297396498
0.10120197910947197 0.09039668160017693 0.10562266547422455 0.1099798087888802 0.21415188696123172 0.16947432602775275 0.15374977993769862 0.10593510160639857 0.38662875736431473 0.12907607661322396 0.14996888175644252 0.09770146814451901 0.1501548952075839 0.11910741756862837 0.12601420207727204 0.24372720732492273 0.3986318449688033 0 0.15457977966663056 0.1812658043331499
0.18217233182721557 0.19760337279702989 0.09288407280256479 0.21036952039867493 0.18960849282724887 0.20089787300278408 0.19720476673180926 0.15301749231201509 0.4114792017353875 0.13373581334464454 0.19960923581229212 0.2039472645228032 0.09197047011643286 0.13737604482600857 0.17061770443451627 0.18100983577736598 0.43710726980034376 0.15457977966663056 0 0.12541560793260498
0.16576498565062928 0.20324855744350212 0.1607426232000244 0.2208935019823349 0.2639368420274762 0.2662575673007965 0.17422899688029736 0.18359440261896492 0.3478001102831683 0.18623583914772815 0.2612891036678254 0.22864862753539408 0.16710563165361655 0.21112826508848065 0.15786162532371065 0.13514594920607886 0.3675261297396498 0.1812658043331499 0.12541560793260498 0
