0 0.3522313662105659 0.7710722176715128 0.4735392064264184 0.7539575861979075 0.790950930866521 0.5286781594722085 0.542651963827787 0.7398721443225509 0.41102144367698307 0.44549766527028306 0.27494472241831946 0.8150509268844226 0.5315251940672144 0.6076607967266849 0.23361741611239897 0.5139344016502136 0.6376358214170781 0.7522429228753977 0.349422120687515
0.3522313662105659 0 0.5045123603915439 0.24003581230533325 0.48464425973525505 0.4952783851504054 0.27719149633042767 0.2982962249395923 0.4725449726697046 0.19375712930681802 0.22790380887574188 0.16499159295945523 0.5102293957484955 0.27422976923152587 0.34633806173573334 0.39328527993458934 0.3331777403345514 0.38651401993629175 0.47237894867911284 0.2599021621045315
0.7710722176715128 0.5045123603915439 0 0.3129466762714593 0.09314897899517416 0.14248483580528334 0.26624944445697984 0.24393941237586653 0.08394378173752316 0.4374239818065268 0.3852783949260186 0.6296307034331426 0.14513510821172185 0.27277813419595964 0.1965426907841426 0.858918666897057 0.33779061947310485 0.15967667469818841 0.10393775084184782 0.5455086133457874
0.4735392064264184 0.24003581230533325 0.3129466762714593 0 0.30835153092812617 0.30775141475772344 0.08819098152074449 0.15192866798155907 0.27995799232347734 0.24599153393067436 0.133583998378783 0.3460349741676957 0.3410865995105271 0.09547218116363755 0.17700666000087614 0.5684120918765856 0.19716342259476405 0.22492660969397535 0.3128607489663906 0.3304445721403941
0.7539575861979075 0.48464425973525505 0.09314897899517416 0.30835153092812617 0 0.1842577736906965 0.26217232623579734 0.22027831564420763 0.07928776518229241 0.4133181057943997 0.39100137784895167 0.6138160781468122 0.1958390076678941 0.27278125658994196 0.1941399912377635 0.8414171345161116 0.3164929399421583 0.14227382468759903 0.1045713474314536 0.52570397000849
0.790950930866521 0.4952783851504054 0.14248483580528334 0.30775141475772344 0.1842577736906965 0 0.2626289356618791 0.24739619780090194 0.16462119736102573 0.49361872573681026 0.36115920036733234 0.6070573636950555 0.10133284813780577 0.2563469157759383 0.2001707937153673 0.89627275332495 0.4067164434265023 0.20989711342354092 0.17435090956243338 0.6184430025919414
0.5286781594722085 0.27719149633042767 0.26624944445697984 0.08819098152074449 0.26217232623579734 0.2626289356618791 0 0.12039651704071835 0.23418444004429234 0.2571066250099605 0.16758301951838925 0.3865323637829092 0.30101246744723326 0.08398830012200394 0.13923795360673244 0.6052157343426677 0.19595617837642174 0.18956040628863396 0.2725253465682019 0.37045576079322284
0.542651963827787 0.2982962249395923 0.24393941237586653 0.15192866798155907 0.22027831564420763 0.24739619780090194 0.12039651704071835 0 0.21596862361708039 0.27089500876311795 0.24354683995567972 0.390760054573394 0.2735294904892035 0.12786404083669922 0.10342267541137362 0.620928732919673 0.24943976258457876 0.1306188399008633 0.21762118523784266 0.3846726813314967
0.7398721443225509 0.4725449726697046 0.08394378173752316 0.27995799232347734 0.07928776518229241 0.16462119736102573 0.23418444004429234 0.21596862361708039 0 0.4021320548925091 0.3631741958897486 0.5991788134110472 0.18274424781384066 0.2467349695031591 0.16882102138148578 0.8225077807450009 0.28834777317116483 0.1312178179096431 0.10533312928837982 0.5092998105268126
0.41102144367698307 0.19375712930681802 0.4374239818065268 0.24599153393067436 0.4133181057943997 0.49361872573681026 0.2571066250099605 0.27089500876311795 0.4021320548925091 0 0.33104380624003943 0.26330845608311704 0.5281031016695724 0.2857334682505263 0.32970778740446244 0.4112687728327165 0.20927242399815382 0.3112246737278682 0.409622673103958 0.16613961023828783
0.44549766527028306 0.22790380887574188 0.3852783949260186 0.133583998378783 0.39100137784895167 0.36115920036733234 0.16758301951838925 0.24354683995567972 0.3631741958897486 0.33104380624003943 0 0.2859889746009709 0.38003281545509204 0.1595848533585949 0.2493100947090185 0.529296571264758 0.26835793704290656 0.3145718228876748 0.3922883515132928 0.38842418311746907
0.27494472241831946 0.16499159295945523 0.6296307034331426 0.3460349741676957 0.6138160781468122 0.6070573636950555 0.3865323637829092 0.390760054573394 0.5991788134110472 0.26330845608311704 0.2859889746009709 0 0.6228953690901046 0.37728660421066573 0.4529757500759708 0.2769180352204936 0.4017131242653545 0.49930799172921947 0.5899457275912569 0.26606341758664287
0.8150509268844226 0.5102293957484955 0.14513510821172185 0.3410865995105271 0.1958390076678941 0.10133284813780577 0.30101246744723326 0.2735294904892035 0.18274424781384066 0.5281031016695724 0.38003281545509204 0.6228953690901046 0 0.2844477866847913 0.2271861768574356 0.9260467620275799 0.43689451924671113 0.24097071061703684 0.18603390037669174 0.6453628304270687
0.5315251940672144 0.27422976923152587 0.27277813419595964 0.09547218116363755 0.27278125658994196 0.2563469157759383 0.08398830012200394 0.12786404083669922 0.2467349695031591 0.2857334682505263 0.1595848533585949 0.37728660421066573 0.2844477866847913 0 0.13732311807072584 0.6295184954886826 0.22848418098002046 0.19650065877142114 0.27531683819806163 0.38335238786112874
0.6076607967266849 0.34633806173573334 0.1965426907841426 0.17700666000087614 0.1941399912377635 0.2001707937153673 0.13923795360673244 0.10342267541137362 0.16882102138148578 0.32970778740446244 0.2493100947090185 0.4529757500759708 0.2271861768574356 0.13732311807072584 0 0.6975069164532315 0.26377881976878365 0.13059532762325865 0.18738738605013516 0.4448719802990468
0.23361741611239897 0.39328527993458934 0.858918666897057 0.5684120918765856 0.8414171345161116 0.89627275332495 0.6052157343426677 0.620928732919673 0.8225077807450009 0.4112687728327165 0.529296571264758 0.2769180352204936 0.9260467620275799 0.6295184954886826 0.6975069164532315 0 0.5771323035293364 0.7041651161628611 0.8205777686404699 0.3463602252877343
0.5139344016502136 0.3331777403345514 0.33779061947310485 0.19716342259476405 0.3164929399421583 0.4067164434265023 0.19595617837642174 0.24943976258457876 0.28834777317116483 0.20927242399815382 0.26835793704290656 0.4017131242653545 0.43689451924671113 0.22848418098002046 0.26377881976878365 0.5771323035293364 0 0.26304415752448396 0.3452288115291401 0.27560886372957916
0.6376358214170781 0.38651401993629175 0.15967667469818841 0.22492660969397535 0.14227382468759903 0.20989711342354092 0.18956040628863396 0.1306188399008633 0.1312178179096431 0.3112246737278682 0.3145718228876748 0.49930799172921947 0.24097071061703684 0.19650065877142114 0.13059532762325865 0.7041651161628611 0.26304415752448396 0 0.14012779182517437 0.4285861772048347
0.7522429228753977 0.47237894867911284 0.10393775084184782 0.3128607489663906 0.1045713474314536 0.17435090956243338 0.2725253465682019 0.21762118523784266 0.10533312928837982 0.409622673103958 0.3922883515132928 0.5899457275912569 0.18603390037669174 0.27531683819806163 0.18738738605013516 0.8205777686404699 0.3452288115291401 0.14012779182517437 0 0.5187072723304276
0.349422120687515 0.2599021621045315 0.5455086133457874 0.3304445721403941 0.52570397000849 0.6184430025919414 0.37045576079322284 0.3846726813314967 0.5092998105268126 0.16613961023828783 0.38842418311746907 0.26606341758664287 0.6453628304270687 0.38335238786112874 0.4448719802990468 0.3463602252877343 0.27560886372957916 0.4285861772048347 0.5187072723304276 0
