0 0.3899586759291748 0.18863261168954662 0.2537929379950502 0.21485238162103912 0.12822063352156332 0.07912198813710308 0.09909929491510931 0.24906852900589743 0.14446940372031353 0.1380032227594367 0.28603031977589816 0.2809827631736723 0.10825782531855797 0.1911609457018189 0.19563139766253593 0.36924910109606796 0.14549661042058257 0.104882246435609 0.15571158387096312
0.3899586759291748 0 0.5751424397866849 0.2366532738084174 0.20789692486854866 0.3391736656405713 0.3732387308100747 0.45797857378280665 0.15185441137387024 0.5017642761551898 0.5204664194616353 0.21925016173391954 0.15337605257342032 0.3203117592937857 0.5432079897857128 0.5833357980821438 0.10510140872145847 0.5222580422480781 0.4427554652965061 0.5073485892653508
0.18863261168954662 0.5751424397866849 0 0.3764857885690206 0.37496462764695243 0.23960009383913447 0.19751614087052127 0.1295647078429781 0.42574555190031066 0.08778886144476367 0.06711527338239744 0.3986176231765855 0.42512987013191206 0.2537682582058874 0.10769327063446986 0.049627797674734866 0.5339776436454021 0.11430569997939563 0.14191793675453732 0.09687004418856808
0.2537929379950502 0.2366532738084174 0.3764857885690206 0 0.14068941213582137 0.15670076115515608 0.25089294886212965 0.28523258324982964 0.1335726248641178 0.37678434950613504 0.32931241061577793 0.23077906298609605 0.17832345244242218 0.19326677643921084 0.43139865017172646 0.4061189135521357 0.208878755926328 0.3810722200291918 0.26723490610039424 0.3937983894573589
0.21485238162103912 0.20789692486854866 0.37496462764695243 0.14068941213582137 0 0.17823632079355387 0.18676980425688017 0.2991992338775718 0.11174766563845238 0.314613581096993 0.31901651467307857 0.1123694579403439 0.08351567324498083 0.13851788876979926 0.36389200316466863 0.38184988123244845 0.1671290792162701 0.3436711867672509 0.2789434008317356 0.3228167598699355
0.12822063352156332 0.3391736656405713 0.23960009383913447 0.15670076115515608 0.17823632079355387 0 0.1545402436558451 0.15609511742108942 0.19753471920903865 0.24674190700425608 0.19650260076048626 0.2516085851104668 0.2371334932852032 0.11630926224753511 0.29631655631577786 0.27555890464190175 0.3238458680689979 0.2471069494513138 0.12655374257391863 0.25676456812083603
0.07912198813710308 0.3732387308100747 0.19751614087052127 0.25089294886212965 0.18676980425688017 0.1545402436558451 0 0.1534905704518902 0.24040009940140994 0.14366520889709503 0.1693925500215582 0.21346504777885122 0.23611253444038208 0.08218321355579053 0.1959641608356923 0.21117758856339397 0.33222283607698794 0.1990994524507121 0.15957942224959948 0.15633370138796643
0.09909929491510931 0.45797857378280665 0.1295647078429781 0.28523258324982964 0.2991992338775718 0.15609511742108942 0.1534905704518902 0 0.3032778320233101 0.14302487429407076 0.08020630394007879 0.3644838920282931 0.359668554656326 0.17750453607987593 0.1776553087825081 0.15406084886934493 0.45667315863790503 0.11971970367526466 0.05047367835729271 0.1512273444930745
0.24906852900589743 0.15185441137387024 0.42574555190031066 0.1335726248641178 0.11174766563845238 0.19753471920903865 0.24040009940140994 0.3032778320233101 0 0.37697374954491303 0.3722957875749686 0.20383475591422726 0.1305832849936733 0.18422463530037328 0.43123679492863753 0.43598603623475024 0.17151085660977924 0.3770283611458369 0.29871343727031163 0.3909800789971566
0.14446940372031353 0.5017642761551898 0.08778886144476367 0.37678434950613504 0.314613581096993 0.24674190700425608 0.14366520889709503 0.14302487429407076 0.37697374954491303 0 0.09383023491706087 0.3311112314204647 0.35935225255751296 0.20698916415020532 0.0675910700543849 0.09040425320061131 0.461441157362617 0.082031223340664 0.15447735665170914 0.025525006448972477
0.1380032227594367 0.5204664194616353 0.06711527338239744 0.32931241061577793 0.31901651467307857 0.19650260076048626 0.1693925500215582 0.08020630394007879 0.3722957875749686 0.09383023491706087 0 0.3755210099660132 0.3792130023455618 0.20265423758790801 0.1213076390529583 0.08856916855299429 0.47986901749313526 0.08361018826135105 0.10070164128405756 0.103973391986592
0.28603031977589816 0.21925016173391954 0.3986176231765855 0.23077906298609605 0.1123694579403439 0.2516085851104668 0.21346504777885122 0.3644838920282931 0.20383475591422726 0.3311112314204647 0.3755210099660132 0 0.09963022625411444 0.20508548955054506 0.35764945909817947 0.41418466121175357 0.14804483793150242 0.4095904564347039 0.3498981805399289 0.3340111886570931
0.2809827631736723 0.15337605257342032 0.42512987013191206 0.17832345244242218 0.08351567324498083 0.2371334932852032 0.23611253444038208 0.359668554656326 0.1305832849936733 0.35935225255751296 0.3792130023455618 0.09963022625411444 0 0.192427827841036 0.40536981643366493 0.4330761970289307 0.11276034024859452 0.40506843432366835 0.3428203072394691 0.36385027218113514
0.10825782531855797 0.3203117592937857 0.2537682582058874 0.19326677643921084 0.13851788876979926 0.11630926224753511 0.08218321355579053 0.17750453607987593 0.18422463530037328 0.20698916415020532 0.20265423758790801 0.20508548955054506 0.192427827841036 0 0.25883946328386837 0.26058281216823015 0.2846921190178221 0.2353189008833274 0.16474015083835547 0.2214139695002834
0.1911609457018189 0.5432079897857128 0.10769327063446986 0.43139865017172646 0.36389200316466863 0.29631655631577786 0.1959641608356923 0.1776553087825081 0.43123679492863753 0.0675910700543849 0.1213076390529583 0.35764945909817947 0.40536981643366493 0.25883946328386837 0 0.09328785968492954 0.5040664471047246 0.1104765998518013 0.19408425846387412 0.05904605704001157
0.19563139766253593 0.5833357980821438 0.049627797674734866 0.4061189135521357 0.38184988123244845 0.27555890464190175 0.21117758856339397 0.15406084886934493 0.43598603623475024 0.09040425320061131 0.08856916855299429 0.41418466121175357 0.4330761970289307 0.26058281216823015 0.09328785968492954 0 0.5427308951372672 0.08804509063256237 0.17324460378162776 0.09311840857967063
0.36924910109606796 0.10510140872145847 0.5339776436454021 0.208878755926328 0.1671290792162701 0.3238458680689979 0.33222283607698794 0.45667315863790503 0.17151085660977924 0.461441157362617 0.47986901749313526 0.14804483793150242 0.11276034024859452 0.2846921190178221 0.5040664471047246 0.5427308951372672 0 0.5032561356742087 0.44016137455024207 0.4660871926272769
0.14549661042058257 0.5222580422480781 0.11430569997939563 0.3810722200291918 0.3436711867672509 0.2471069494513138 0.1990994524507121 0.11971970367526466 0.3770283611458369 0.082031223340664 0.08361018826135105 0.4095904564347039 0.40506843432366835 0.2353189008833274 0.1104765998518013 0.08804509063256237 0.5032561356742087 0 0.14453647337241202 0.08999847370882426
0.104882246435609 0.4427554652965061 0.14191793675453732 0.26723490610039424 0.2789434008317356 0.12655374257391863 0.15957942224959948 0.05047367835729271 0.29871343727031163 0.15447735665170914 0.10070164128405756 0.3498981805399289 0.3428203072394691 0.16474015083835547 0.19408425846387412 0.17324460378162776 0.44016137455024207 0.14453647337241202 0 0.1626610404180164
0.15571158387096312 0.5073485892653508 0.09687004418856808 0.3937983894573589 0.3228167598699355 0.25676456812083603 0.15633370138796643 0.1512273444930745 0.3909800789971566 0.025525006448972477 0.103973391986592 0.3340111886570931 0.36385027218113514 0.2214139695002834 0.05904605704001157 0.09311840857967063 0.4660871926272769 0.08999847370882426 0.1626610404180164 0
