0 0.9291114565834103 0.12366578136365416 0.9954903370311264 0.7102554635146018 0.797684829432086 0.7383045377557885 0.40666285422027915 0.75716997435898 1.0320841179705924 1.112717185489521 0.9898170303583046 0.8308090940626893 1.1828883320929116 0.8906044321638891 0.47563766687519476 0.8864476364552871 0.6838731153151454 0.708244747421509 0.7753132361774882
0.9291114565834103 0 0.8932284118145704 0.09986597241257777 0.26574948516581703 0.24359773829068962 0.18815029027465197 1.0613271025165012 0.1953207283524746 0.1545694565172264 0.1847363830882698 0.1369697555140635 0.1082371701117075 3.063441878890418 0.21226134016304624 0.4123956362108213 0.13420383549306378 0.2972885035156956 0.3451896373641067 0.24803272631082615
0.12366578136365416 0.8932284118145704 0 0.9478983817662152 0.6681449215943323 0.7542223141769738 0.7138235135406812 0.3808917200668176 0.7146333207658304 0.9836742133212205 1.062484596493785 0.9521872187429662 0.7978697515462392 1.294147920672019 0.8343319721890884 0.4598662654481047 0.8466025355377447 0.6611969519707062 0.6968801129978469 0.7259954531491991
0.9954903370311264 0.09986597241257777 0.9478983817662152 0 0.3043368907142247 0.26121611061448485 0.2188280992229837 1.1154519674945398 0.21825913735671534 0.15016243367085708 0.1610366614287277 0.13334104202199548 0.14706696094668079 3.216831864797539 0.22722331478659644 0.4602831887118426 0.16359784858892035 0.33950312047990394 0.3794051872631806 0.2903597891149773
0.7102554635146018 0.26574948516581703 0.6681449215943323 0.3043368907142247 0 0.2194782014006725 0.20641652267037502 0.8461745362824948 0.15872821468691614 0.33915110817805644 0.39977586550171346 0.31476739608002846 0.22092126701901046 2.655106250581685 0.2465664887166198 0.23681030760834904 0.24092635645840507 0.19164810110617006 0.258676060255331 0.18140835817578713
0.797684829432086 0.24359773829068962 0.7542223141769738 0.26121611061448485 0.2194782014006725 0 0.22825395968334733 0.9230769230769231 0.14852849963736897 0.236861648898308 0.2899147544016958 0.21577005493306164 0.19969362351163952 2.7164213173172422 0.14509525002200233 0.30466078245436135 0.16086150421343007 0.15650878895512532 0.18969113919848918 0.14165182836603862
0.7383045377557885 0.18815029027465197 0.7138235135406812 0.2188280992229837 0.20641652267037502 0.22825395968334733 0 0.8589556903873333 0.17846914204258094 0.2705008904002297 0.3013642299827271 0.2623320625723264 0.12562612198546766 2.63000394138627 0.24359576355211754 0.3285995165492834 0.218649572923603 0.26911764367951263 0.3337725078760129 0.2438262075991732
0.40666285422027915 1.0613271025165012 0.3808917200668176 1.1154519674945398 0.8461745362824948 0.9230769230769231 0.8589556903873333 0 0.87348903358167 1.1814297175084008 1.2412217018451268 1.1415741278435239 0.9384662776298177 1.2587655622635776 1.03984929182435 0.585837296261199 1.0219704038870177 0.8235343418829214 0.9247443035926347 0.9140648779707058
0.75716997435898 0.1953207283524746 0.7146333207658304 0.21825913735671534 0.15872821468691614 0.14852849963736897 0.17846914204258094 0.87348903358167 0 0.2578422612761977 0.3184164658695775 0.24934167318782924 0.16713378810258261 2.6865684624665103 0.18010294539017152 0.2770226817278579 0.15084269670268335 0.18980211990517096 0.2332161948069394 0.15143839721477328
1.0320841179705924 0.1545694565172264 0.9836742133212205 0.15016243367085708 0.33915110817805644 0.236861648898308 0.2705008904002297 1.1814297175084008 0.2578422612761977 0 0.12765694770084507 0.08160138752509352 0.18529903412632875 3.2736425054932754 0.19779212335996732 0.49544035707835893 0.1637091018140116 0.32763325601501253 0.3559342484071871 0.2953264933606544
1.112717185489521 0.1847363830882698 1.062484596493785 0.1610366614287277 0.39977586550171346 0.2899147544016958 0.3013642299827271 1.2412217018451268 0.3184164658695775 0.12765694770084507 0 0.12784480436790724 0.22710153980674816 3.4465617474213164 0.2602997903595852 0.5523003264745422 0.19877422449921087 0.37308339894792014 0.3965452776772877 0.34279123020554
0.9898170303583046 0.1369697555140635 0.9521872187429662 0.13334104202199548 0.31476739608002846 0.21577005493306164 0.2623320625723264 1.1415741278435239 0.24934167318782924 0.08160138752509352 0.12784480436790724 0 0.16934548361432958 3.155795074650997 0.17983443922651438 0.47150775828645924 0.12716635538389473 0.28711635859857987 0.31100201634243896 0.2689744317841901
0.8308090940626893 0.1082371701117075 0.7978697515462392 0.14706696094668079 0.22092126701901046 0.19969362351163952 0.12562612198546766 0.9384662776298177 0.16713378810258261 0.18529903412632875 0.22710153980674816 0.16934548361432958 0 2.7764286682233745 0.18037706386196697 0.33669143120817485 0.12441246652910574 0.26720702520795897 0.31557867067343925 0.22833974124789377
1.1828883320929116 3.063441878890418 1.294147920672019 3.216831864797539 2.655106250581685 2.7164213173172422 2.63000394138627 1.2587655622635776 2.6865684624665103 3.2736425054932754 3.4465617474213164 3.155795074650997 2.7764286682233745 0 2.976553110739439 2.0413415107224693 2.9374053318791558 2.474931788215958 2.48327740429189 2.7456258919345764
0.8906044321638891 0.21226134016304624 0.8343319721890884 0.22722331478659644 0.2465664887166198 0.14509525002200233 0.24359576355211754 1.03984929182435 0.18010294539017152 0.19779212335996732 0.2602997903595852 0.17983443922651438 0.18037706386196697 2.976553110739439 0 0.38071411906321045 0.1439974139472159 0.2078539554294284 0.2355534326435437 0.19167913472326378
0.47563766687519476 0.4123956362108213 0.4598662654481047 0.4602831887118426 0.23681030760834904 0.30466078245436135 0.3285995165492834 0.585837296261199 0.2770226817278579 0.49544035707835893 0.5523003264745422 0.47150775828645924 0.33669143120817485 2.0413415107224693 0.38071411906321045 0 0.37902437103672787 0.2631272890639985 0.31741954402909334 0.28539089649269644
0.8864476364552871 0.13420383549306378 0.8466025355377447 0.16359784858892035 0.24092635645840507 0.16086150421343007 0.218649572923603 1.0219704038870177 0.15084269670268335 0.1637091018140116 0.19877422449921087 0.12716635538389473 0.12441246652910574 2.9374053318791558 0.1439974139472159 0.37902437103672787 0 0.22664711234247648 0.2622135425021365 0.19297012566268754
0.6838731153151454 0.2972885035156956 0.6611969519707062 0.33950312047990394 0.19164810110617006 0.15650878895512532 0.26911764367951263 0.8235343418829214 0.18980211990517096 0.32763325601501253 0.37308339894792014 0.28711635859857987 0.26720702520795897 2.474931788215958 0.2078539554294284 0.2631272890639985 0.22664711234247648 0 0.15359166886772588 0.16289951229275249
0.708244747421509 0.3451896373641067 0.6968801129978469 0.3794051872631806 0.258676060255331 0.18969113919848918 0.3337725078760129 0.9247443035926347 0.2332161948069394 0.3559342484071871 0.3965452776772877 0.31100201634243896 0.31557867067343925 2.48327740429189 0.2355534326435437 0.31741954402909334 0.2622135425021365 0.15359166886772588 0 0.23034293034053718
0.7753132361774882 0.24803272631082615 0.7259954531491991 0.2903597891149773 0.18140835817578713 0.14165182836603862 0.2438262075991732 0.9140648779707058 0.15143839721477328 0.2953264933606544 0.34279123020554 0.2689744317841901 0.22833974124789377 2.7456258919345764 0.19167913472326378 0.28539089649269644 0.19297012566268754 0.16289951229275249 0.23034293034053718 0
