0 0.8964621788890405 0.27388716723198603 0.7589477861884035 0.4448259746412766 0.756636112407882 0.8963188795709587 0.7206253819016553 0.6848672513487423 0.6914474625710438 0.7181674080163638 0.5139516917604364 0.7073027370670409 0.716522822719644 0.8386549236063443 0.8769757398360187 1.0978126359265703 1.0423940549780866 1.1484104514326197 0.6912800532450315
0.8964621788890405 0 0.8869602476879255 0.21847001959823573 0.5549104326027301 0.35204749146411307 0.15300459020656032 0.3879206802222576 0.29673261457604344 0.40948532007913085 0.29134885977147024 0.5047939735020691 0.33708044512326457 0.3081790219493944 0.21774636098005312 0.22808577638091168 0.2633831822717249 0.243477715187568 0.2879329309556971 0.3621348070775714
0.27388716723198603 0.8869602476879255 0 0.7410876894505464 0.4524562654288013 0.6865238375177982 0.8809093551493615 0.6360068155880527 0.6620629655131863 0.6751758312475168 0.715017317035348 0.5370750528586306 0.7270084086278815 0.6996611002644991 0.7764566301087266 0.8504727960856799 1.066849049615194 1.023004425683627 1.1213852434662561 0.6456639979721241
0.7589477861884035 0.21847001959823573 0.7410876894505464 0 0.4513561055353347 0.275391241934913 0.2236289798637928 0.27748265787580717 0.2001373154984973 0.30089153242607924 0.19813298130565876 0.4098780306383839 0.3102418411497714 0.2221123594642076 0.1815395283723731 0.2210403435443813 0.34110736433166144 0.30484454202953154 0.37608692791394893 0.3049687727964166
0.4448259746412766 0.5549104326027301 0.4524562654288013 0.4513561055353347 0 0.5495347131839812 0.561705011159608 0.5160182305304429 0.43196369375144633 0.4604358518935295 0.38523059430251805 0.2466679355379114 0.3960431694417411 0.3964759248097195 0.5051217442027153 0.5203581116696127 0.7025178458151357 0.6761081859653242 0.7640717391581121 0.37685379040514244
0.756636112407882 0.35204749146411307 0.6865238375177982 0.275391241934913 0.5495347131839812 0 0.3547213073419089 0.16739842447004472 0.21810060362861772 0.27005922553047074 0.3556606532062832 0.5445811486371709 0.4537610209913617 0.2979270115341687 0.2831066684196057 0.3034205737136695 0.4124206959523576 0.3931226965534482 0.430289564647546 0.42906393528989223
0.8963188795709587 0.15300459020656032 0.8809093551493615 0.2236289798637928 0.561705011159608 0.3547213073419089 0 0.3836099652307301 0.30398000946418524 0.3878358759406698 0.30578951378183994 0.4948812053487255 0.3269077650786027 0.28884691392247847 0.1956812184153255 0.21500653629805672 0.24316963852845883 0.2160831302807306 0.2752217505070979 0.3550234734023466
0.7206253819016553 0.3879206802222576 0.6360068155880527 0.27748265787580717 0.5160182305304429 0.16739842447004472 0.3836099652307301 0 0.21791367991895486 0.2632636374096359 0.35204506465259794 0.5020692091869888 0.4145700051753911 0.3043502034978847 0.2929663179115967 0.3174005975988407 0.42081491063412546 0.40980511107388146 0.4676788760170381 0.388505935680408
0.6848672513487423 0.29673261457604344 0.6620629655131863 0.2001373154984973 0.43196369375144633 0.21810060362861772 0.30398000946418524 0.21791367991895486 0 0.21617300763686764 0.26096947267073456 0.45573271518765 0.3637652743530845 0.2265901616202728 0.22327996668942246 0.23950430527230415 0.36283343703164067 0.3459177516536133 0.42349949642866097 0.3417995363907375
0.6914474625710438 0.40948532007913085 0.6751758312475168 0.30089153242607924 0.4604358518935295 0.27005922553047074 0.3878358759406698 0.2632636374096359 0.21617300763686764 0 0.32924319888319653 0.4690711862583096 0.3655630775069655 0.29683627218851216 0.28686524130097507 0.32652690928192596 0.4544069444798941 0.4400520802511145 0.512817128909052 0.3777164982978897
0.7181674080163638 0.29134885977147024 0.715017317035348 0.19813298130565876 0.38523059430251805 0.3556606532062832 0.30578951378183994 0.35204506465259794 0.26096947267073456 0.32924319888319653 0 0.3644054444067475 0.2579124793542412 0.24499770212853894 0.27617199062520187 0.30864845186692874 0.40030889739282816 0.39209907567364166 0.46383999387893926 0.2776422433575219
0.5139516917604364 0.5047939735020691 0.5370750528586306 0.4098780306383839 0.2466679355379114 0.5445811486371709 0.4948812053487255 0.5020692091869888 0.45573271518765 0.4690711862583096 0.3644054444067475 0 0.2917553977584856 0.39604526490270253 0.4639083642963716 0.5284975541043497 0.667992648147331 0.646154123654064 0.7215521119082136 0.3
0.7073027370670409 0.33708044512326457 0.7270084086278815 0.3102418411497714 0.3960431694417411 0.4537610209913617 0.3269077650786027 0.4145700051753911 0.3637652743530845 0.3655630775069655 0.2579124793542412 0.2917553977584856 0 0.3142824347198691 0.3678890424107408 0.4033880185269814 0.4874399413478812 0.462833529503922 0.523583617408613 0.22478010204663196
0.716522822719644 0.3081790219493944 0.6996611002644991 0.2221123594642076 0.3964759248097195 0.2979270115341687 0.28884691392247847 0.3043502034978847 0.2265901616202728 0.29683627218851216 0.24499770212853894 0.39604526490270253 0.3142824347198691 0 0.23388379055940925 0.26726124191242434 0.4164888653176255 0.3693843597051792 0.4554732601622437 0.3386101290834795
0.8386549236063443 0.21774636098005312 0.7764566301087266 0.1815395283723731 0.5051217442027153 0.2831066684196057 0.1956812184153255 0.2929663179115967 0.22327996668942246 0.28686524130097507 0.27617199062520187 0.4639083642963716 0.3678890424107408 0.23388379055940925 0 0.14993194971004145 0.2675748705653033 0.2547731904971311 0.30380153959482264 0.39041793034843153
0.8769757398360187 0.22808577638091168 0.8504727960856799 0.2210403435443813 0.5203581116696127 0.3034205737136695 0.21500653629805672 0.3174005975988407 0.23950430527230415 0.32652690928192596 0.30864845186692874 0.5284975541043497 0.4033880185269814 0.26726124191242434 0.14993194971004145 0 0.2509586962217012 0.24115610465031354 0.2888928229563022 0.4108069223080029
1.0978126359265703 0.2633831822717249 1.066849049615194 0.34110736433166144 0.7025178458151357 0.4124206959523576 0.24316963852845883 0.42081491063412546 0.36283343703164067 0.4544069444798941 0.40030889739282816 0.667992648147331 0.4874399413478812 0.4164888653176255 0.2675748705653033 0.2509586962217012 0 0.1632657258702283 0.20167896877615113 0.4919325703410577
1.0423940549780866 0.243477715187568 1.023004425683627 0.30484454202953154 0.6761081859653242 0.3931226965534482 0.2160831302807306 0.40980511107388146 0.3459177516536133 0.4400520802511145 0.39209907567364166 0.646154123654064 0.462833529503922 0.3693843597051792 0.2547731904971311 0.24115610465031354 0.1632657258702283 0 0.18937027499146766 0.4735868576982598
1.1484104514326197 0.2879329309556971 1.1213852434662561 0.37608692791394893 0.7640717391581121 0.430289564647546 0.2752217505070979 0.4676788760170381 0.42349949642866097 0.512817128909052 0.46383999387893926 0.7215521119082136 0.523583617408613 0.4554732601622437 0.30380153959482264 0.2888928229563022 0.20167896877615113 0.18937027499146766 0 0.5375198813457651
0.6912800532450315 0.3621348070775714 0.6456639979721241 0.3049687727964166 0.37685379040514244 0.42906393528989223 0.3550234734023466 0.388505935680408 0.3417995363907375 0.3777164982978897 0.2776422433575219 0.3 0.22478010204663196 0.3386101290834795 0.39041793034843153 0.4108069223080029 0.4919325703410577 0.4735868576982598 0.5375198813457651 0
