0 0.9592705788711101 0.8083581577836716 1.0619129227132744 0.41121980934985564 0.5806255254833489 0.7637626158259733 1.07854777646725 0.20437977982832195 1.0352010222476526 0.2806804457119199 0.6615701550312039 0.6374552583116766 0.7196501255875284 0.8519252750717553 0.38609367125267213 0.7087481038813308 1.0663222727528345 0.7748062179181807 0.8904863375321372
0.9592705788711101 0 0.24449098265121844 0.1189640451784192 0.5042369260006141 0.381408152044332 0.22829105278224837 0.1305111685050064 0.765255799296003 0.11067537958507268 0.6596588094078928 0.2752340102681224 0.305330621510958 0.2740476945878511 0.12353702769387608 1.4371900318370128 0.24047502041022067 0.14514002203231188 0.18412129246506634 0.12276795168269433
0.8083581577836716 0.24449098265121844 0 0.2774703599857845 0.4821182598999188 0.26945611320376484 0.2931509849889643 0.26574842082609873 0.6689305659583551 0.25166293968170045 0.5713065813493208 0.23915305662269637 0.16218728003365063 0.10393714745946019 0.17363345883282927 1.2259544962507665 0.19962605140237985 0.22290890718417622 0.22885810682134736 0.18259524763195709
1.0619129227132744 0.1189640451784192 0.2774703599857845 0 0.5766608392694487 0.4546872924053911 0.286696529134642 0.09616794878992034 0.8564244013623021 0.07259008777437409 0.741402424765666 0.34309599616488967 0.3608938676785604 0.32713261276284533 0.18491893314325134 1.5551314135696486 0.31524312547744876 0.11956841948700293 0.25168335399977537 0.17788387470506298
0.41121980934985564 0.5042369260006141 0.4821182598999188 0.5766608392694487 0 0.3158857217723364 0.33920026264998404 0.6013200334584023 0.2823912473624525 0.5741488618680834 0.18744428762319446 0.26051580109529027 0.36240057268742704 0.41935189371880777 0.4131556823887713 0.7779698928301774 0.3043696403350025 0.5807067363145769 0.3485507184123784 0.4481027018215665
0.5806255254833489 0.381408152044332 0.26945611320376484 0.4546872924053911 0.3158857217723364 0 0.37324555905006485 0.4700862720825605 0.47348578707335237 0.4474118263114644 0.41068498283664784 0.1855321426330921 0.12549475995229223 0.18694121829177643 0.30956545343243363 0.941538531178888 0.1829583405982686 0.45682044020761564 0.3112488361846201 0.3217132163251004
0.7637626158259733 0.22829105278224837 0.2931509849889643 0.286696529134642 0.33920026264998404 0.37324555905006485 0 0.2986712117249747 0.5879677594929523 0.28210908868533685 0.49067650749106695 0.23916707468860612 0.29414729940092255 0.2708380191527465 0.224071332331175 1.1877268690255602 0.21132429354856908 0.33261478683412454 0.13150400527898196 0.24070096711083078
1.07854777646725 0.1305111685050064 0.26574842082609873 0.09616794878992034 0.6013200334584023 0.4700862720825605 0.2986712117249747 0 0.864910882682252 0.04828018486034599 0.769564587945614 0.37066266548951626 0.35884029922140537 0.30833943850752743 0.19728363208966662 1.5853200373398137 0.32476014585057544 0.07634477585514955 0.2744637888374402 0.18784278743030883
0.20437977982832195 0.765255799296003 0.6689305659583551 0.8564244013623021 0.2823912473624525 0.47348578707335237 0.5879677594929523 0.864910882682252 0 0.8343769572029315 0.1606231415508089 0.49406304983637694 0.5243889355101898 0.5962573715985368 0.668329851434186 0.5937957899160655 0.5316525275004311 0.8576025397251753 0.6032210192675024 0.7030492217554064
1.0352010222476526 0.11067537958507268 0.25166293968170045 0.07259008777437409 0.5741488618680834 0.4474118263114644 0.28210908868533685 0.04828018486034599 0.8343769572029315 0 0.7257196434806673 0.33220440832048426 0.33885419199601846 0.2963506807510668 0.18656662257768894 1.5302477054475871 0.30237876942676295 0.08235864093362705 0.2427520781138061 0.15708497992916362
0.2806804457119199 0.6596588094078928 0.5713065813493208 0.741402424765666 0.18744428762319446 0.41068498283664784 0.49067650749106695 0.769564587945614 0.1606231415508089 0.7257196434806673 0 0.4107458508363034 0.45923114679577626 0.5065600997659829 0.5675507662640257 0.632152171780217 0.4516288008208314 0.7587553257294773 0.5003563792327017 0.6004781860782352
0.6615701550312039 0.2752340102681224 0.23915305662269637 0.34309599616488967 0.26051580109529027 0.1855321426330921 0.23916707468860612 0.37066266548951626 0.49406304983637694 0.33220440832048426 0.4107458508363034 0 0.12546210878484684 0.17735724429879698 0.2006594977464569 1.0549178462819235 0.09225660531809468 0.3576806907231475 0.17356490769622962 0.22604721296732594
0.6374552583116766 0.305330621510958 0.16218728003365063 0.3608938676785604 0.36240057268742704 0.12549475995229223 0.29414729940092255 0.35884029922140537 0.5243889355101898 0.33885419199601846 0.45923114679577626 0.12546210878484684 0 0.08726123089410323 0.2265764736148083 1.0318986456114838 0.12465070425811739 0.35096560946846656 0.2412090756622109 0.23301484992542432
0.7196501255875284 0.2740476945878511 0.10393714745946019 0.32713261276284533 0.41935189371880777 0.18694121829177643 0.2708380191527465 0.30833943850752743 0.5962573715985368 0.2963506807510668 0.5065600997659829 0.17735724429879698 0.08726123089410323 0 0.20166768818858946 1.1162416509613684 0.13089901830063208 0.2954093378121028 0.2146916486201567 0.20804035860743722
0.8519252750717553 0.12353702769387608 0.17363345883282927 0.18491893314325134 0.4131556823887713 0.30956545343243363 0.224071332331175 0.19728363208966662 0.668329851434186 0.18656662257768894 0.5675507662640257 0.2006594977464569 0.2265764736148083 0.20166768818858946 0 1.296087148780205 0.16340544838263824 0.18210813012237512 0.15086312467051327 0.07554645428702003
0.38609367125267213 1.4371900318370128 1.2259544962507665 1.5551314135696486 0.7779698928301774 0.941538531178888 1.1877268690255602 1.5853200373398137 0.5937957899160655 1.5302477054475871 0.632152171780217 1.0549178462819235 1.0318986456114838 1.1162416509613684 1.296087148780205 0 1.1044336443654876 1.5512940769276746 1.2012290587755958 1.3518993562186925
0.7087481038813308 0.24047502041022067 0.19962605140237985 0.31524312547744876 0.3043696403350025 0.1829583405982686 0.21132429354856908 0.32476014585057544 0.5316525275004311 0.30237876942676295 0.4516288008208314 0.09225660531809468 0.12465070425811739 0.13089901830063208 0.16340544838263824 1.1044336443654876 0 0.31172317698182733 0.16751548071928862 0.182789882158178
1.0663222727528345 0.14514002203231188 0.22290890718417622 0.11956841948700293 0.5807067363145769 0.45682044020761564 0.33261478683412454 0.07634477585514955 0.8576025397251753 0.08235864093362705 0.7587553257294773 0.3576806907231475 0.35096560946846656 0.2954093378121028 0.18210813012237512 1.5512940769276746 0.31172317698182733 0 0.2714164725544091 0.17742590342471312
0.7748062179181807 0.18412129246506634 0.22885810682134736 0.25168335399977537 0.3485507184123784 0.3112488361846201 0.13150400527898196 0.2744637888374402 0.6032210192675024 0.2427520781138061 0.5003563792327017 0.17356490769622962 0.2412090756622109 0.2146916486201567 0.15086312467051327 1.2012290587755958 0.16751548071928862 0.2714164725544091 0 0.16917054723014327
0.8904863375321372 0.12276795168269433 0.18259524763195709 0.17788387470506298 0.4481027018215665 0.3217132163251004 0.24070096711083078 0.18784278743030883 0.7030492217554064 0.15708497992916362 0.6004781860782352 0.22604721296732594 0.23301484992542432 0.20804035860743722 0.07554645428702003 1.3518993562186925 0.182789882158178 0.17742590342471312 0.16917054723014327 0
