0 0.9227765894575353 0.6432369698579966 0.75 0.29880715233359845 0.7329409123199365 0.4252100321353806 0.2041241452319315 0.9134141431056324 0.8453167687680397 0.5493502655735357 0.7828751257191237 0.6681531047810609 1.0786387432600122 0.47434164902525694 0.8944271909999159 0.6280768420189677 0.37221875023909884 0.8553372034476997 0.9683640522700839
0.9227765894575353 0 0.2219386772286763 0.13294239000659405 0.6935366974320332 0.29845067545977294 0.4241480179087136 0.664052277510436 0.08735839935247218 0.0653272543281984 0.3053461992065122 0.12189967594728436 0.23686898837312137 0.12269245987824173 0.3758877294182421 0.0349727318995333 0.4516291762862786 0.47814789900274257 0.06002820547626358 0.06405278479305597
0.6432369698579966 0.2219386772286763 0 0.17867693607166574 0.5544788620954259 0.2772083406843958 0.19339148367352377 0.4137945591514997 0.3065613148602525 0.20504635573804963 0.2229450419403139 0.11394002636002815 0.21532451125879673 0.33639772935079165 0.21779187211867926 0.2004933125793919 0.4274292360668465 0.24377804031954892 0.17057002320905357 0.27801862626391727
0.75 0.13294239000659405 0.17867693607166574 0 0.5378528742004771 0.18323522807998413 0.2834733547569204 0.5103103630798288 0.1417366773784602 0.07458677371482704 0.1690308509457033 0.11598150010653684 0.11454053224818188 0.24514516892273006 0.23717082451262847 0.13576127006248723 0.3256694736394648 0.33499687521518895 0.12336594280495669 0.16643757148392066
0.29880715233359845 0.6935366974320332 0.5544788620954259 0.5378528742004771 0 0.451848057057532 0.37552047214499507 0.19518001458970663 0.6851601597031488 0.6240377207533828 0.35355339059327373 0.6016299267309014 0.46318550962495647 0.8321328349158293 0.314970394174356 0.6681531047810609 0.34383703367133933 0.3321819194149599 0.6330541649476573 0.7342360411356583
0.7329409123199365 0.29845067545977294 0.2772083406843958 0.18323522807998413 0.451848057057532 0 0.39974311774586585 0.551198189805123 0.2041241452319315 0.23870495801314429 0.19018144357818267 0.30065841120113157 0.07560539239387956 0.3253097988094813 0.3049687727964166 0.3076542285401329 0.18844459036110225 0.4333121494969421 0.2990732271099535 0.26965968581500305
0.4252100321353806 0.4241480179087136 0.19339148367352377 0.2834733547569204 0.37552047214499507 0.39974311774586585 0 0.21216710619787638 0.4166666666666667 0.36178643296414953 0.21428984784372984 0.3106939335406841 0.3240906080438343 0.5466713710375621 0.10458250331675945 0.40144827099604535 0.3128575395724707 0.049239912322395954 0.36991501890585793 0.4603684421896255
0.2041241452319315 0.664052277510436 0.4137945591514997 0.5103103630798288 0.19518001458970663 0.551198189805123 0.21216710619787638 0 0.6557892373388906 0.5954651581568435 0.32778114068761827 0.5397814402407793 0.4572184366849364 0.8006407690254358 0.2581988897471611 0.6390096504226938 0.4558423058385518 0.16208817969462158 0.6043672230190352 0.7041868508280461
0.9134141431056324 0.08735839935247218 0.3065613148602525 0.1417366773784602 0.6851601597031488 0.2041241452319315 0.4166666666666667 0.6557892373388906 0 0.09988716330996722 0.29814239699997197 0.20712928902712277 0.19361257103917373 0.11736447513800768 0.36852882121143804 0.1126872339638022 0.4000473456828314 0.47051471774733916 0.14022922285320102 0.06894406622163474
0.8453167687680397 0.0653272543281984 0.20504635573804963 0.07458677371482704 0.6240377207533828 0.23870495801314429 0.36178643296414953 0.5954651581568435 0.09988716330996722 0 0.24514516892273003 0.11303562913975201 0.1742392700181738 0.1690308509457033 0.31448545101657555 0.0691832695550361 0.3850515527363813 0.41458809573439087 0.0559812748506421 0.09128709291752769
0.5493502655735357 0.3053461992065122 0.2229450419403139 0.1690308509457033 0.35355339059327373 0.19018144357818267 0.21428984784372984 0.32778114068761827 0.29814239699997197 0.24514516892273003 0 0.27446232319753944 0.12423233664947204 0.42265838438401987 0.12026755886059097 0.2834733547569204 0.20184335693983277 0.2397815896351706 0.27571837605720606 0.3401545651687306
0.7828751257191237 0.12189967594728436 0.11394002636002815 0.11598150010653684 0.6016299267309014 0.30065841120113157 0.3106939335406841 0.5397814402407793 0.20712928902712277 0.11303562913975201 0.27446232319753944 0 0.23248019818004262 0.24110594161328258 0.27507428008478846 0.0855830310623031 0.46459109932682 0.3626321077722928 0.06677144650668847 0.18426239250485255
0.6681531047810609 0.23686898837312137 0.21532451125879673 0.11454053224818188 0.46318550962495647 0.07560539239387956 0.3240906080438343 0.4572184366849364 0.19361257103917373 0.1742392700181738 0.12423233664947204 0.23248019818004262 0 0.3144854510165755 0.23342355606787601 0.244737286673233 0.19894589252079753 0.3537054060515274 0.23445998281777666 0.23454309992995195
1.0786387432600122 0.12269245987824173 0.33639772935079165 0.24514516892273006 0.8321328349158293 0.3253097988094813 0.5466713710375621 0.8006407690254358 0.11736447513800768 0.1690308509457033 0.42265838438401987 0.24110594161328258 0.3144854510165755 0 0.49613893835683387 0.15244103668907888 0.5292006047363136 0.6034509825089518 0.1784983385403261 0.07715167498104596
0.47434164902525694 0.3758877294182421 0.21779187211867926 0.23717082451262847 0.314970394174356 0.3049687727964166 0.10458250331675945 0.2581988897471611 0.36852882121143804 0.31448545101657555 0.12026755886059097 0.27507428008478846 0.23342355606787601 0.49613893835683387 0 0.35355339059327373 0.24030003692073737 0.12555296411486888 0.3224970216983856 0.41148796376363705
0.8944271909999159 0.0349727318995333 0.2004933125793919 0.13576127006248723 0.6681531047810609 0.3076542285401329 0.40144827099604535 0.6390096504226938 0.1126872339638022 0.0691832695550361 0.2834733547569204 0.0855830310623031 0.244737286673233 0.15244103668907888 0.35355339059327373 0 0.4646731280385341 0.45499418065893715 0.029424494316824985 0.09473309334313419
0.6280768420189677 0.4516291762862786 0.4274292360668465 0.3256694736394648 0.34383703367133933 0.18844459036110225 0.3128575395724707 0.4558423058385518 0.4000473456828314 0.3850515527363813 0.20184335693983277 0.46459109932682 0.19894589252079753 0.5292006047363136 0.24030003692073737 0.4646731280385341 0 0.34480436471212583 0.4571195353125156 0.443484296991812
0.37221875023909884 0.47814789900274257 0.24377804031954892 0.33499687521518895 0.3321819194149599 0.4333121494969421 0.049239912322395954 0.16208817969462158 0.47051471774733916 0.41458809573439087 0.2397815896351706 0.3626321077722928 0.3537054060515274 0.6034509825089518 0.12555296411486888 0.45499418065893715 0.34480436471212583 0 0.42286404681630735 0.5151334885756955
0.8553372034476997 0.06002820547626358 0.17057002320905357 0.12336594280495669 0.6330541649476573 0.2990732271099535 0.36991501890585793 0.6043672230190352 0.14022922285320102 0.0559812748506421 0.27571837605720606 0.06677144650668847 0.23445998281777666 0.1784983385403261 0.3224970216983856 0.029424494316824985 0.4571195353125156 0.42286404681630735 0 0.12079051255657978
0.9683640522700839 0.06405278479305597 0.27801862626391727 0.16643757148392066 0.7342360411356583 0.26965968581500305 0.4603684421896255 0.7041868508280461 0.06894406622163474 0.09128709291752769 0.3401545651687306 0.18426239250485255 0.23454309992995195 0.07715167498104596 0.41148796376363705 0.09473309334313419 0.443484296991812 0.5151334885756955 0.12079051255657978 0
