0 0.9332034435756995 0.6069842824468079 0.5002975305232068 1.0195521450733227 0.5958540230683373 0.6464942911693575 0.7485164136957869 0.7815038703165378 0.5637295497763136 0.7372442390883399 0.7909115788387002 0.9851970591197069 0.2148861237401014 0.7610917498101478 0.4899789435061114 0.600099198148979 0.8212630929949859 0.7678571428571429 0.7824070888694569
0.9332034435756995 0 0.41349052225264243 0.5364031231287557 0.06935771685696626 0.42821101114864013 0.2714429061107645 0.14947506762299137 0.15324283327163907 1.6166191993533634 0.1587835089236592 0.1298858345334598 0.11826418090191966 1.1057293214102506 0.12918732214107298 0.36737915647674313 0.28071835850840426 0.13487024979683437 0.1694363794201689 0.18548817142720303
0.6069842824468079 0.41349052225264243 0 0.1520302849670743 0.44861772327363536 0.024042907753525636 0.22654706095008093 0.2751603719280976 0.2643203153571668 1.0187575159527769 0.3613656557680237 0.4099951888601959 0.42497400101414873 0.6425008314918322 0.3342423883661898 0.28038607704602214 0.24896602215699887 0.2943780195490975 0.25103670940701317 0.2518034991693815
0.5002975305232068 0.5364031231287557 0.1520302849670743 0 0.6060501717676421 0.1273071397963887 0.3283836489466587 0.3818155739753428 0.40989981354333055 0.8432740427115678 0.4728843747702397 0.5267186425494079 0.5797710356524485 0.5546804977150851 0.4403157094365453 0.37654004754794335 0.35081517792492956 0.4421638607817477 0.38384896738418456 0.40067167443890317
1.0195521450733227 0.06935771685696626 0.44861772327363536 0.6060501717676421 0 0.4636813598297462 0.32141967496801505 0.20911833364250304 0.18427288508817136 1.7388353112349721 0.21857088862896504 0.1861663820637324 0.09148103415795908 1.2004618348929477 0.19132134046495075 0.43209876543209874 0.34304196629255157 0.16360267991425598 0.20786985482077452 0.2029928478472966
0.5958540230683373 0.42821101114864013 0.024042907753525636 0.1273071397963887 0.4636813598297462 0 0.24377680172768584 0.28818882600306733 0.2769380397690943 0.9801960588196069 0.3761385538821944 0.42542052174390416 0.43964486709310224 0.6463596124937739 0.34830498532526194 0.29059482482480664 0.26255251575525185 0.30741401256374123 0.2673703949665616 0.2680180503820542
0.6464942911693575 0.2714429061107645 0.22654706095008093 0.3283836489466587 0.32141967496801505 0.24377680172768584 0 0.1273934672046542 0.1567255556276014 1.2318752305927443 0.16239215322029862 0.2181403843233235 0.31077931521714586 0.7970150100705146 0.14203258965602072 0.20365815612197505 0.07635590272269076 0.18519107549377586 0.15995735039241835 0.1910211147921215
0.7485164136957869 0.14947506762299137 0.2751603719280976 0.3818155739753428 0.20911833364250304 0.28818882600306733 0.1273934672046542 0 0.061605038129130034 1.3629062282053217 0.09118920150346979 0.13163523108775566 0.19117939110392965 0.9052401100310649 0.05935371414964689 0.2501951491794233 0.13720532498711294 0.0717183722580869 0.0628753787504461 0.08877138414983647
0.7815038703165378 0.15324283327163907 0.2643203153571668 0.40989981354333055 0.18427288508817136 0.2769380397690943 0.1567255556276014 0.061605038129130034 0 1.4075758740721016 0.13025963421181413 0.14245072057454744 0.1690486053547587 0.9408709237924696 0.08382063038733159 0.29095718698132317 0.17706057276698114 0.03911591293589788 0.032076651393589235 0.051875137593381145
0.5637295497763136 1.6166191993533634 1.0187575159527769 0.8432740427115678 1.7388353112349721 0.9801960588196069 1.2318752305927443 1.3629062282053217 1.4075758740721016 0 1.3476986873461643 1.4213381090374029 1.6882530653602892 0.3077287274483318 1.3788820796114816 1.0773218776129718 1.1666666666666667 1.4635834457700867 1.3911390502544514 1.3928399872110795
0.7372442390883399 0.1587835089236592 0.3613656557680237 0.4728843747702397 0.21857088862896504 0.3761385538821944 0.16239215322029862 0.09118920150346979 0.13025963421181413 1.3476986873461643 0 0.07084857342913596 0.24370192329280213 0.8930803375454421 0.053907681283732106 0.2110339614348628 0.1453853036006992 0.1447506963321371 0.13596717524170204 0.1612522334086687
0.7909115788387002 0.1298858345334598 0.4099951888601959 0.5267186425494079 0.1861663820637324 0.42542052174390416 0.2181403843233235 0.13163523108775566 0.14245072057454744 1.4213381090374029 0.07084857342913596 0 0.23941495090444442 0.9513157844601788 0.07493573358549142 0.253863248268726 0.2065381939694976 0.14766038456672273 0.15411144734724674 0.1752989367635867
0.9851970591197069 0.11826418090191966 0.42497400101414873 0.5797710356524485 0.09148103415795908 0.43964486709310224 0.31077931521714586 0.19117939110392965 0.1690486053547587 1.6882530653602892 0.24370192329280213 0.23941495090444442 0 1.1622291832104743 0.1982775105818007 0.41790199694885855 0.320844473959874 0.14614562401032385 0.19253851155385135 0.17545900049860735
0.2148861237401014 1.1057293214102506 0.6425008314918322 0.5546804977150851 1.2004618348929477 0.6463596124937739 0.7970150100705146 0.9052401100310649 0.9408709237924696 0.3077287274483318 0.8930803375454421 0.9513157844601788 1.1622291832104743 0 0.9185315234055025 0.670025210172808 0.7462421640622047 0.9844165815147833 0.9266964086291873 0.9291307781033231
0.7610917498101478 0.12918732214107298 0.3342423883661898 0.4403157094365453 0.19132134046495075 0.34830498532526194 0.14203258965602072 0.05935371414964689 0.08382063038733159 1.3788820796114816 0.053907681283732106 0.07493573358549142 0.1982775105818007 0.9185315234055025 0 0.23179316248638265 0.14870296936986566 0.09892691104845075 0.08849904067559858 0.1107876428523756
0.4899789435061114 0.36737915647674313 0.28038607704602214 0.37654004754794335 0.43209876543209874 0.29059482482480664 0.20365815612197505 0.2501951491794233 0.29095718698132317 1.0773218776129718 0.2110339614348628 0.253863248268726 0.41790199694885855 0.670025210172808 0.23179316248638265 0 0.13183017712895576 0.30586587983969593 0.29324497376502123 0.3338376353151324
0.600099198148979 0.28071835850840426 0.24896602215699887 0.35081517792492956 0.34304196629255157 0.26255251575525185 0.07635590272269076 0.13720532498711294 0.17706057276698114 1.1666666666666667 0.1453853036006992 0.2065381939694976 0.320844473959874 0.7462421640622047 0.14870296936986566 0.13183017712895576 0 0.18948178538987728 0.1773020358167438 0.20892599808166193
0.8212630929949859 0.13487024979683437 0.2943780195490975 0.4421638607817477 0.16360267991425598 0.30741401256374123 0.18519107549377586 0.0717183722580869 0.03911591293589788 1.4635834457700867 0.1447506963321371 0.14766038456672273 0.14614562401032385 0.9844165815147833 0.09892691104845075 0.30586587983969593 0.18948178538987728 0 0.05988376719755105 0.07327462153701517
0.7678571428571429 0.1694363794201689 0.25103670940701317 0.38384896738418456 0.20786985482077452 0.2673703949665616 0.15995735039241835 0.0628753787504461 0.032076651393589235 1.3911390502544514 0.13596717524170204 0.15411144734724674 0.19253851155385135 0.9266964086291873 0.08849904067559858 0.29324497376502123 0.1773020358167438 0.05988376719755105 0 0.0647103607335641
0.7824070888694569 0.18548817142720303 0.2518034991693815 0.40067167443890317 0.2029928478472966 0.2680180503820542 0.1910211147921215 0.08877138414983647 0.051875137593381145 1.3928399872110795 0.1612522334086687 0.1752989367635867 0.17545900049860735 0.9291307781033231 0.1107876428523756 0.3338376353151324 0.20892599808166193 0.07327462153701517 0.0647103607335641 0
