0 0.9332034435756995 0.5919970162135534 0.5002975305232068 1.0195521450733227 0.7242672088068486 0.31180478223116176 0.8339784470388388 0.6681531047810609 0.3843711067980367 0.8641236827978104 0.7787915579452676 0.8120784942972276 0.36414534998416354 0.804153445224257 0.6557892373388906 0.804153445224257 0.0890870806374748 1.1072762103741804 0.7738095238095238
0.9332034435756995 0 0.4102088514411135 0.5364031231287557 0.06935771685696626 0.17471603291204488 0.5774029928342441 0.0808881841911708 2.038466646999274 0.5470621689924923 0.057482103248280174 0.20928346186853822 0.17781590384324894 0.5229112836761203 0.14486063867067395 0.2280613652098265 0.1748318052921927 0.8436716027054412 0.13650746531359698 0.15118938471338148
0.5919970162135534 0.4102088514411135 0 0.1520302849670743 0.44238692156150156 0.2897675785557101 0.3813250647825901 0.33822951609975216 1.3318338659686053 0.19245881821888033 0.3890173552711886 0.24882488911705242 0.2879859927019642 0.23987806632021003 0.2836080920046183 0.17806907476549844 0.2943780195490975 0.5537625021658937 0.515422523138532 0.41589663797281284
0.5002975305232068 0.5364031231287557 0.1520302849670743 0 0.6060501717676421 0.39136243683065103 0.3033836954529143 0.4542199791661351 1.161895003862225 0.08861469461982084 0.5032713335526666 0.40184152123335204 0.43508951333649104 0.1718082427858356 0.42976674318973607 0.3028008719530965 0.4421638607817477 0.46798548766672954 0.6674578638386096 0.5348008084903245
1.0195521450733227 0.06935771685696626 0.44238692156150156 0.6060501717676421 0 0.23986461080230434 0.6444444444444445 0.14194493558774124 2.185185185185185 0.6174026476572461 0.11823435131011949 0.22566106824071114 0.20209245479681998 0.5844345865947963 0.17071583991052797 0.2806563808560681 0.19916847989561595 0.9259259259259259 0.09670980886427658 0.212819137078412
0.7242672088068486 0.17471603291204488 0.2897675785557101 0.39136243683065103 0.23986461080230434 0 0.39960423459192407 0.10677421432523002 1.7224320456548452 0.3693244093096362 0.1494482356588074 0.13992690794202206 0.14152951038240513 0.3492950263078272 0.11467810901148252 0.10275948253936512 0.13820182368050457 0.6430412970444755 0.2998369330505729 0.135032869438565
0.31180478223116176 0.5774029928342441 0.3813250647825901 0.3033836954529143 0.6444444444444445 0.39960423459192407 0 0.4858705336183668 1.0833333333333333 0.21572774865200242 0.5197763982594868 0.4900769721140662 0.4835953565373316 0.19645451766258817 0.4694685597539519 0.3608439182435161 0.4780043517494783 0.24166666666666667 0.720681495656589 0.44543540318737396
0.8339784470388388 0.0808881841911708 0.33822951609975216 0.4542199791661351 0.14194493558774124 0.10677421432523002 0.4858705336183668 0 1.8743712396053374 0.46411365470155247 0.051427647838291395 0.14701817192010885 0.12099572429577847 0.4339909323471441 0.08580599610458886 0.16625497398354436 0.11262036988727288 0.7487013610714056 0.20561496045210934 0.1203391718881546
0.6681531047810609 2.038466646999274 1.3318338659686053 1.161895003862225 2.185185185185185 1.7224320456548452 1.0833333333333333 1.8743712396053374 0 1.0786387432600122 1.9235819463146364 1.7881186820378092 1.8402301177969254 1.1565467572071721 1.8245255390437678 1.5877132402714709 1.8458650190325838 0.75 2.323936707008566 1.7928774978291802
0.3843711067980367 0.5470621689924923 0.19245881821888033 0.08861469461982084 0.6174026476572461 0.3693244093096362 0.21572774865200242 0.46411365470155247 1.0786387432600122 0 0.4896164441042883 0.41561946677290484 0.4448287762502922 0.09321266306715217 0.43942671583284726 0.31137618438976383 0.43942671583284726 0.3595462477533374 0.6896166294189081 0.49793529744291115
0.8641236827978104 0.057482103248280174 0.3890173552711886 0.5032713335526666 0.11823435131011949 0.1494482356588074 0.5197763982594868 0.051427647838291395 1.9235819463146364 0.4896164441042883 0 0.18702277715514087 0.16026460118592972 0.45907794324120577 0.12838491600390745 0.21266436150250076 0.154585919270011 0.7776182336165551 0.18595008098313273 0.10938274465795068
0.7787915579452676 0.20928346186853822 0.24882488911705242 0.40184152123335204 0.22566106824071114 0.13992690794202206 0.4900769721140662 0.14701817192010885 1.7881186820378092 0.41561946677290484 0.18702277715514087 0 0.05101627678885769 0.3861186066271739 0.0650091129746962 0.11470786693528087 0.053703180283444694 0.695379487459148 0.26054578138955475 0.2123976976214366
0.8120784942972276 0.17781590384324894 0.2879859927019642 0.43508951333649104 0.20209245479681998 0.14152951038240513 0.4835953565373316 0.12099572429577847 1.8402301177969254 0.4448287762502922 0.16026460118592972 0.05101627678885769 0 0.423085950098081 0.03561657202716781 0.12354155277685021 0.027397363097821394 0.7275328372685519 0.23243488125919057 0.21159791752815085
0.36414534998416354 0.5229112836761203 0.23987806632021003 0.1718082427858356 0.5844345865947963 0.3492950263078272 0.19645451766258817 0.4339909323471441 1.1565467572071721 0.09321266306715217 0.45907794324120577 0.3861186066271739 0.423085950098081 0 0.4178713902410804 0.2927046933058409 0.4178713902410804 0.3327052315253509 0.6619033923214952 0.43189332207424047
0.804153445224257 0.14486063867067395 0.2836080920046183 0.42976674318973607 0.17071583991052797 0.11467810901148252 0.4694685597539519 0.08580599610458886 1.8245255390437678 0.43942671583284726 0.12838491600390745 0.0650091129746962 0.03561657202716781 0.4178713902410804 0 0.12012345653011808 0.03278688524590164 0.7202074496225399 0.22065476335253661 0.18535451751622944
0.6557892373388906 0.2280613652098265 0.17806907476549844 0.3028008719530965 0.2806563808560681 0.10275948253936512 0.3608439182435161 0.16625497398354436 1.5877132402714709 0.31137618438976383 0.21266436150250076 0.11470786693528087 0.12354155277685021 0.2927046933058409 0.12012345653011808 0 0.12936372241705024 0.5773502691896257 0.34673804626442817 0.21859641244629688
0.804153445224257 0.1748318052921927 0.2943780195490975 0.4421638607817477 0.19916847989561595 0.13820182368050457 0.4780043517494783 0.11262036988727288 1.8458650190325838 0.43942671583284726 0.154585919270011 0.053703180283444694 0.027397363097821394 0.4178713902410804 0.03278688524590164 0.12936372241705024 0 0.7202074496225399 0.22288359934599658 0.2138705971341109
0.0890870806374748 0.8436716027054412 0.5537625021658937 0.46798548766672954 0.9259259259259259 0.6430412970444755 0.24166666666666667 0.7487013610714056 0.75 0.3595462477533374 0.7776182336165551 0.695379487459148 0.7275328372685519 0.3327052315253509 0.7202074496225399 0.5773502691896257 0.7202074496225399 0 1.0096504045430474 0.6904248749404296
1.1072762103741804 0.13650746531359698 0.515422523138532 0.6674578638386096 0.09670980886427658 0.2998369330505729 0.720681495656589 0.20561496045210934 2.323936707008566 0.6896166294189081 0.18595008098313273 0.26054578138955475 0.23243488125919057 0.6619033923214952 0.22065476335253661 0.34673804626442817 0.22288359934599658 1.0096504045430474 0 0.2768190525935451
0.7738095238095238 0.15118938471338148 0.41589663797281284 0.5348008084903245 0.212819137078412 0.135032869438565 0.44543540318737396 0.1203391718881546 1.7928774978291802 0.49793529744291115 0.10938274465795068 0.2123976976214366 0.21159791752815085 0.43189332207424047 0.18535451751622944 0.21859641244629688 0.2138705971341109 0.6904248749404296 0.2768190525935451 0
