0 0.884588507645477 0.2619790295262475 0.7457486942546921 0.43555876683625006 0.7633320072079517 0.9170560397726775 0.7136962916910624 0.6848672513487423 0.6914474625710438 0.7111265510750269 0.5681655143089277 0.33835922306796307 0.8160981927210731 0.7911410247927841 0.88715625907752 0.3999200239920028 0.8023377593173388 0.6829631233096792 0.4967991704588246
0.884588507645477 0 0.8869602476879255 0.2120444307865229 0.545887498739271 0.33248929749388456 0.16105808130486324 0.3811742336096966 0.30006668889712257 0.3956044617713637 0.28449359248272976 1.5858092216446615 0.6738554178589021 0.20485438223058627 0.1988856738473392 0.2028994030658653 0.6278729100450091 0.1937348650548533 0.26392779061650834 0.5001008098400647
0.2619790295262475 0.8869602476879255 0 0.7346434486727155 0.4434071401202253 0.6799855152557239 0.9068103571142947 0.6360068155880527 0.6486879561088795 0.6473335289280315 0.7081421505253928 0.7212335534189264 0.27032458436885476 0.8093446482740975 0.7661911754919684 0.8662790697674418 0.4490851462111219 0.7771889263740452 0.7081421505253928 0.41110859371310904
0.7457486942546921 0.2120444307865229 0.7346434486727155 0 0.4413259698567717 0.24640269015229058 0.23243333777976938 0.28123242352277755 0.18160608258196978 0.2854611974298701 0.19432273166516534 1.3631171025609345 0.5326761139421703 0.21737065119284157 0.16142835345902717 0.2191041864462485 0.5194123864197661 0.15631031654345487 0.2400457273510866 0.3508710092274354
0.43555876683625006 0.545887498739271 0.4434071401202253 0.4413259698567717 0 0.5291815756586485 0.5645618300217577 0.5212837226787127 0.4371680756038734 0.45501895951831145 0.40663229398599127 0.8922941768802759 0.2882893223234456 0.4941916147737394 0.47307289097436367 0.5610457691317137 0.23552532204893084 0.4682536866231412 0.3798801693816497 0.3199348934750459
0.7633320072079517 0.33248929749388456 0.6799855152557239 0.24640269015229058 0.5291815756586485 0 0.36011375175372706 0.16739842447004472 0.20305918268871306 0.254403618253342 0.31313600988814067 1.3934163041029026 0.5348231020693659 0.3465693207969325 0.31688855611708605 0.2942245017933421 0.6038489532502058 0.29956330829338174 0.3363312698798548 0.3375003166639848
0.9170560397726775 0.16105808130486324 0.9068103571142947 0.23243333777976938 0.5645618300217577 0.36011375175372706 0 0.39574013944998954 0.306398683084923 0.4071189707611169 0.31499670780964806 1.5954364965612502 0.678315155219137 0.2306209090330737 0.23147707142839463 0.22103502454660934 0.6519080840014291 0.2107894884749841 0.2881884773577631 0.5169769756673558
0.7136962916910624 0.3811742336096966 0.6360068155880527 0.28123242352277755 0.5212837226787127 0.16739842447004472 0.39574013944998954 0 0.21013104849327788 0.23896237857182334 0.34004352835762297 1.3558580635401638 0.5068429379793384 0.3622617780011092 0.331609262066104 0.2977053179348332 0.6021561019250585 0.32823115093535815 0.3600460888492479 0.3253327849835727
0.6848672513487423 0.30006668889712257 0.6486879561088795 0.18160608258196978 0.4371680756038734 0.20305918268871306 0.306398683084923 0.21013104849327788 0 0.22017621148199482 0.24515314099372035 1.3294863431609907 0.48368611169012266 0.29718767272636465 0.2585667494588766 0.244093921628599 0.527790129867329 0.23069992029138897 0.2767858043477488 0.30737069506712333
0.6914474625710438 0.3956044617713637 0.6473335289280315 0.2854611974298701 0.45501895951831145 0.254403618253342 0.4071189707611169 0.23896237857182334 0.22017621148199482 0 0.32512765889715656 1.3173521422408918 0.46148342767968226 0.38758511609996354 0.329772648956823 0.3167061888841445 0.5259651549887074 0.3339170002606382 0.3333587388692365 0.30023408180279765
0.7111265510750269 0.28449359248272976 0.7081421505253928 0.19432273166516534 0.40663229398599127 0.31313600988814067 0.31499670780964806 0.34004352835762297 0.24515314099372035 0.32512765889715656 0 1.3558594522061558 0.49725909805366103 0.2687167134487933 0.2545905974337113 0.30594490969300947 0.47910491202516664 0.21123284412322724 0.24390243902439024 0.3840566720171056
0.5681655143089277 1.5858092216446615 0.7212335534189264 1.3631171025609345 0.8922941768802759 1.3934163041029026 1.5954364965612502 1.3558580635401638 1.3294863431609907 1.3173521422408918 1.3558594522061558 0 0.7483924624757163 1.4753198390352447 1.419974859075216 1.5626726990743405 0.7918643699067845 1.4553503066627425 1.279318999259034 1.0330549174077344
0.33835922306796307 0.6738554178589021 0.27032458436885476 0.5326761139421703 0.2882893223234456 0.5348231020693659 0.678315155219137 0.5068429379793384 0.48368611169012266 0.46148342767968226 0.49725909805366103 0.7483924624757163 0 0.5896618941607872 0.5670290976853646 0.6407693851706187 0.28580512163411176 0.5720460816036579 0.5327776050574939 0.29734187268901446
0.8160981927210731 0.20485438223058627 0.8093446482740975 0.21737065119284157 0.4941916147737394 0.3465693207969325 0.2306209090330737 0.3622617780011092 0.29718767272636465 0.38758511609996354 0.2687167134487933 1.4753198390352447 0.5896618941607872 0 0.196638416050035 0.27393203480046374 0.5383896246939962 0.19127947573599693 0.20245779780388534 0.4358231986311838
0.7911410247927841 0.1988856738473392 0.7661911754919684 0.16142835345902717 0.47307289097436367 0.31688855611708605 0.23147707142839463 0.331609262066104 0.2585667494588766 0.329772648956823 0.2545905974337113 1.419974859075216 0.5670290976853646 0.196638416050035 0 0.24062202205532893 0.5475935328496563 0.16724426165596817 0.2433586593116358 0.4253636587453552
0.88715625907752 0.2028994030658653 0.8662790697674418 0.2191041864462485 0.5610457691317137 0.2942245017933421 0.22103502454660934 0.2977053179348332 0.244093921628599 0.3167061888841445 0.30594490969300947 1.5626726990743405 0.6407693851706187 0.27393203480046374 0.24062202205532893 0 0.6443395576072618 0.21936784212170632 0.3300079924778529 0.4522194530844199
0.3999200239920028 0.6278729100450091 0.4490851462111219 0.5194123864197661 0.23552532204893084 0.6038489532502058 0.6519080840014291 0.6021561019250585 0.527790129867329 0.5259651549887074 0.47910491202516664 0.7918643699067845 0.28580512163411176 0.5383896246939962 0.5475935328496563 0.6443395576072618 0 0.5367529016669959 0.42138142864864053 0.38658401139343573
0.8023377593173388 0.1937348650548533 0.7771889263740452 0.15631031654345487 0.4682536866231412 0.29956330829338174 0.2107894884749841 0.32823115093535815 0.23069992029138897 0.3339170002606382 0.21123284412322724 1.4553503066627425 0.5720460816036579 0.19127947573599693 0.16724426165596817 0.21936784212170632 0.5367529016669959 0 0.22976204097614192 0.4298942687896084
0.6829631233096792 0.26392779061650834 0.7081421505253928 0.2400457273510866 0.3798801693816497 0.3363312698798548 0.2881884773577631 0.3600460888492479 0.2767858043477488 0.3333587388692365 0.24390243902439024 1.279318999259034 0.5327776050574939 0.20245779780388534 0.2433586593116358 0.3300079924778529 0.42138142864864053 0.22976204097614192 0 0.3840566720171056
0.4967991704588246 0.5001008098400647 0.41110859371310904 0.3508710092274354 0.3199348934750459 0.3375003166639848 0.5169769756673558 0.3253327849835727 0.30737069506712333 0.30023408180279765 0.3840566720171056 1.0330549174077344 0.29734187268901446 0.4358231986311838 0.4253636587453552 0.4522194530844199 0.38658401139343573 0.4298942687896084 0.3840566720171056 0
