0 0.5920141630322447 0.6480875577554953 0.9545466270811181 0.5024415910805479 0.2891574659831201 0.8892537389765872 0.6240377207533828 0.8025338531378392 0.43041423101055837 0.40263135843625164 0.6941776365550228 0.6615185844757785 0.613506459696205 0.371884218998905 0.8025338531378392 0.462339049237358 0.6205427141408237 0.4287014870920849 0.403750308074341
0.5920141630322447 0 0.07150969419341942 0.29085231720331056 0.24120907566221086 0.2802367011932095 0.2411716394809358 1.4230249470757705 0.17879884381246028 0.14433756729740643 0.17030030235573904 0.1032370802417528 0.06481812160876685 0.0736321040510724 0.2690853301345449 0.18405763333635616 1.038790902184621 0.09759000729485333 0.32867243295083054 0.33247224049185586
0.6480875577554953 0.07150969419341942 0 0.2415339901005232 0.31622776601683794 0.33006467206751405 0.1924055830431837 1.507556722888818 0.12535147689378429 0.1926686588971131 0.2188532167059007 0.03827938093523312 0.022473328748774737 0.04095318300507954 0.3420837274641176 0.12535147689378429 1.10871074247953 0.05815526314990443 0.40980052091493097 0.41453825658600135
0.9545466270811181 0.29085231720331056 0.2415339901005232 0 0.4978828415839031 0.5939065969727398 0.04802576918645272 1.9878592774747041 0.11446813533568727 0.44418517476787545 0.4723972165666474 0.20233074816516733 0.22998945338818594 0.27173075633220883 0.5814341130424062 0.11446813533568727 1.501218356773222 0.26553035902267297 0.6199056142273404 0.6334710890805908
0.5024415910805479 0.24120907566221086 0.31622776601683794 0.4978828415839031 0 0.2783349703706405 0.4630079063612905 1.1441551070947107 0.4122520220523399 0.15666989036012804 0.16073991593304593 0.3389400872943766 0.30558769344304165 0.3182131106502437 0.11801058864729899 0.41859436085314516 0.785355471607104 0.3530939318018998 0.11180339887498948 0.12337741817289975
0.2891574659831201 0.2802367011932095 0.33006467206751405 0.5939065969727398 0.2783349703706405 0 0.5387339262970585 0.9904434667711052 0.4646507788512072 0.17131207221604822 0.12693956711548238 0.37061702524983164 0.3419184296881151 0.2994013583623311 0.1720529574477361 0.4646507788512072 0.7565212586013159 0.30565748974169876 0.24450482346091287 0.24733156272730833
0.8892537389765872 0.2411716394809358 0.1924055830431837 0.04802576918645272 0.4630079063612905 0.5387339262970585 0 1.8832827392531883 0.06626068329342129 0.39214674519552223 0.4198268571247918 0.15356500689385347 0.18097496507665398 0.22227669703719383 0.5265505522585527 0.06626068329342129 1.4163202424659624 0.2161464066390881 0.5707517636920414 0.5773502691896257
0.6240377207533828 1.4230249470757705 1.507556722888818 1.9878592774747041 1.1441551070947107 0.9904434667711052 1.8832827392531883 0 1.7461240262490656 1.18673220792786 1.1473176191875751 1.5779108439892755 1.5279797846248562 1.455282235699374 1.0056357151023234 1.7461240262490656 0.3432032364918221 1.465881824639873 1.0393534922336007 0.9974531521318053
0.8025338531378392 0.17879884381246028 0.12535147689378429 0.11446813533568727 0.4122520220523399 0.4646507788512072 0.06626068329342129 1.7461240262490656 0 0.3218333360066849 0.3488842641593123 0.08686433216846864 0.11403478915083984 0.15488629496247666 0.45282019684659586 0.004424778761061947 1.3045451257138734 0.14882953931973847 0.5176393753651272 0.5164509150379618
0.43041423101055837 0.14433756729740643 0.1926686588971131 0.44418517476787545 0.15666989036012804 0.17131207221604822 0.39214674519552223 1.18673220792786 0.3218333360066849 0 0.04274909800354809 0.23179316248638268 0.20412414523193148 0.1842165654111691 0.16947980485980962 0.3218333360066849 0.8414349769963336 0.21128856368212914 0.2432809200504759 0.2460935096744243
0.40263135843625164 0.17030030235573904 0.2188532167059007 0.4723972165666474 0.16073991593304593 0.12693956711548238 0.4198268571247918 1.1473176191875751 0.3488842641593123 0.04274909800354809 0 0.25819888974716115 0.23036964956043254 0.18900220820733826 0.17388261090178098 0.3488842641593123 0.8081901942077095 0.21677749238103 0.2595849957450333 0.25248661351461776
0.6941776365550228 0.1032370802417528 0.03827938093523312 0.20233074816516733 0.3389400872943766 0.37061702524983164 0.15356500689385347 1.5779108439892755 0.08686433216846864 0.23179316248638268 0.25819888974716115 0 0.03785166493051126 0.06756945274924135 0.3666530928296159 0.08686433216846864 1.166676306110168 0.08395756178243344 0.44081536023394396 0.4380886492785256
0.6615185844757785 0.06481812160876685 0.022473328748774737 0.22998945338818594 0.30558769344304165 0.3419184296881151 0.18097496507665398 1.5279797846248562 0.11403478915083984 0.20412414523193148 0.23036964956043254 0.03785166493051126 0 0.06363592899589046 0.33057368287701716 0.11899282346174592 1.1255577914440207 0.08050764858994133 0.39727607885233013 0.40186901847534345
0.613506459696205 0.0736321040510724 0.04095318300507954 0.27173075633220883 0.3182131106502437 0.2994013583623311 0.22227669703719383 1.455282235699374 0.15488629496247666 0.1842165654111691 0.18900220820733826 0.06756945274924135 0.06363592899589046 0 0.3442314012786307 0.15488629496247666 1.0655094897089703 0.029940656547831474 0.4219634126049532 0.41847231805110247
0.371884218998905 0.2690853301345449 0.3420837274641176 0.5814341130424062 0.11801058864729899 0.1720529574477361 0.5265505522585527 1.0056357151023234 0.45282019684659586 0.16947980485980962 0.17388261090178098 0.3666530928296159 0.33057368287701716 0.3442314012786307 0 0.45282019684659586 0.6877463849533246 0.3819642084475382 0.0879598994267085 0.07785470932752259
0.8025338531378392 0.18405763333635616 0.12535147689378429 0.11446813533568727 0.41859436085314516 0.4646507788512072 0.06626068329342129 1.7461240262490656 0.004424778761061947 0.3218333360066849 0.3488842641593123 0.08686433216846864 0.11899282346174592 0.15488629496247666 0.45282019684659586 0 1.3045451257138734 0.14882953931973847 0.5247303257125947 0.5236238444134891
0.462339049237358 1.038790902184621 1.10871074247953 1.501218356773222 0.785355471607104 0.7565212586013159 1.4163202424659624 0.3432032364918221 1.3045451257138734 0.8414349769963336 0.8081901942077095 1.166676306110168 1.1255577914440207 1.0655094897089703 0.6877463849533246 1.3045451257138734 0 1.0742788704871244 0.6689936080056726 0.6344324016567203
0.6205427141408237 0.09759000729485333 0.05815526314990443 0.26553035902267297 0.3530939318018998 0.30565748974169876 0.2161464066390881 1.465881824639873 0.14882953931973847 0.21128856368212914 0.21677749238103 0.08395756178243344 0.08050764858994133 0.029940656547831474 0.3819642084475382 0.14882953931973847 1.0742788704871244 0 0.45234179028484117 0.4575713488773087
0.4287014870920849 0.32867243295083054 0.40980052091493097 0.6199056142273404 0.11180339887498948 0.24450482346091287 0.5707517636920414 1.0393534922336007 0.5176393753651272 0.2432809200504759 0.2595849957450333 0.44081536023394396 0.39727607885233013 0.4219634126049532 0.0879598994267085 0.5247303257125947 0.6689936080056726 0.45234179028484117 0 0.022990024493585143
0.403750308074341 0.33247224049185586 0.41453825658600135 0.6334710890805908 0.12337741817289975 0.24733156272730833 0.5773502691896257 0.9974531521318053 0.5164509150379618 0.2460935096744243 0.25248661351461776 0.4380886492785256 0.40186901847534345 0.41847231805110247 0.07785470932752259 0.5236238444134891 0.6344324016567203 0.4575713488773087 0.022990024493585143 0
