0 0.6029773882735826 0.6623144853116085 0.6545908458687484 0.45064792729652914 0.8485457972496063 0.7230913272221736 0.7397141075916184 0.30361533928227613 0.4062103742297434 0.4138084800894974 0.1797731238766687 0.7476080509788442 0.7849774674021919 0.5431439421372035 0.7391404949863533 0.7224605559707382 0.1513513786491703 0.3962969619506085 0.4986668617957829
0.6029773882735826 0 0.08390607775994223 0.17129307448133874 0.2055270768301462 0.22886885410853172 0.12423233664947204 0.13871773800577353 0.3049634689455515 0.19422464901683897 0.1843024451936214 0.4378966455937088 0.1494475119348911 0.17792407578567337 0.07905694150420949 0.15169496905422947 0.205932942880324 0.4601789933084222 1.1134827120346322 0.1733438113203841
0.6623144853116085 0.08390607775994223 0 0.15252480845160832 0.23931796337536798 0.17457716245144853 0.08122479038345394 0.08513288273770589 0.355667331048007 0.25071736158929814 0.22621762264156875 0.491384911800656 0.10615495921641367 0.1240844578762686 0.12634967392981725 0.08620109117803146 0.1535913379435574 0.505630902805134 1.1915450866360828 0.212766709933391
0.6545908458687484 0.17129307448133874 0.15252480845160832 0 0.25146689199570044 0.22402085527583643 0.19898311693734946 0.1846599282641365 0.3388419256227748 0.3071015748014148 0.3175013094291038 0.4833384953953815 0.21671385221514547 0.21109722573561013 0.1999043350713187 0.1869769565100777 0.10638457960892883 0.525503163836847 1.1688744436721423 0.16288508918883665
0.45064792729652914 0.2055270768301462 0.23931796337536798 0.25146689199570044 0 0.37264461562414225 0.29180695999251005 0.2997649268693871 0.17424069584903243 0.1403724812687193 0.15584561614612075 0.29543947393437575 0.31853121758906056 0.3292722407072922 0.1624834209049204 0.30352623994487676 0.2956017482574267 0.33778301183328374 0.9286701033841567 0.12214918912208556
0.8485457972496063 0.22886885410853172 0.17457716245144853 0.22402085527583643 0.37264461562414225 0 0.1315903389919538 0.09697622757528539 0.5076119249638631 0.39789178504159506 0.3865321650581048 0.6513389472789296 0.13819749820569552 0.08525667300543756 0.2741465395665704 0.12624819542352975 0.17138776967351807 0.6782010837183247 1.4370509525119282 0.31738399570961473
0.7230913272221736 0.12423233664947204 0.08122479038345394 0.19898311693734946 0.29180695999251005 0.1315903389919538 0 0.06015963482945112 0.4170288281141495 0.29697208593582136 0.27975144247209416 0.5387480237611791 0.08001600480160055 0.07794221022519697 0.17857142857142858 0.07614311298414658 0.13954653102068132 0.5630291295486302 1.2684857596555743 0.25058800551629407
0.7397141075916184 0.13871773800577353 0.08513288273770589 0.1846599282641365 0.2997649268693871 0.09697622757528539 0.06015963482945112 0 0.4170930209611571 0.3183348654463746 0.2945205308873342 0.5541923614671027 0.07371029619981842 0.05265328070348039 0.193012161744489 0.04489127034465819 0.11680545713712112 0.5787705672009662 1.289403573887819 0.23391813973483638
0.30361533928227613 0.3049634689455515 0.355667331048007 0.3388419256227748 0.17424069584903243 0.5076119249638631 0.4170288281141495 0.4170930209611571 0 0.1674734613258089 0.21388476306519727 0.17201561551404668 0.4306684073244155 0.4621683627760144 0.26064301757134345 0.4223265132506677 0.4149082708351032 0.21493173840527377 0.7448494644139051 0.21031112483834333
0.4062103742297434 0.19422464901683897 0.25071736158929814 0.3071015748014148 0.1403724812687193 0.39789178504159506 0.29697208593582136 0.3183348654463746 0.1674734613258089 0 0.06167939547439612 0.25612535683274 0.3241693759652899 0.3544332427806961 0.1496109372328191 0.30889880287639576 0.3623682800431779 0.2750095491084634 0.867956343536767 0.18232322463624387
0.4138084800894974 0.1843024451936214 0.22621762264156875 0.3175013094291038 0.15584561614612075 0.3865321650581048 0.27975144247209416 0.2945205308873342 0.21388476306519727 0.06167939547439612 0 0.29672121302810417 0.30032661958503204 0.3370603903969135 0.1631883414420549 0.298216039682829 0.364357871220116 0.27139876381914035 0.8755950357709131 0.2044652050273827
0.1797731238766687 0.4378966455937088 0.491384911800656 0.4833384953953815 0.29543947393437575 0.6513389472789296 0.5387480237611791 0.5541923614671027 0.17201561551404668 0.25612535683274 0.29672121302810417 0 0.5610836076867821 0.6028035277130152 0.38301617314271325 0.5611461135197268 0.5457541441030943 0.1143323900950059 0.6014065304058601 0.3410955201203233
0.7476080509788442 0.1494475119348911 0.10615495921641367 0.21671385221514547 0.31853121758906056 0.13819749820569552 0.08001600480160055 0.07371029619981842 0.4306684073244155 0.3241693759652899 0.30032661958503204 0.5610836076867821 0 0.08117356273332904 0.20420751225408476 0.08458653648709205 0.1469150308194139 0.5858407143247674 1.3005309373306921 0.2701879129339911
0.7849774674021919 0.17792407578567337 0.1240844578762686 0.21109722573561013 0.3292722407072922 0.08525667300543756 0.07794221022519697 0.05265328070348039 0.4621683627760144 0.3544332427806961 0.3370603903969135 0.6028035277130152 0.08117356273332904 0 0.22733144649015782 0.06785411813860227 0.1480421354982041 0.6285501088999069 1.3503516624950336 0.26916687204956063
0.5431439421372035 0.07905694150420949 0.12634967392981725 0.1999043350713187 0.1624834209049204 0.2741465395665704 0.17857142857142858 0.193012161744489 0.26064301757134345 0.1496109372328191 0.1631883414420549 0.38301617314271325 0.20420751225408476 0.22733144649015782 0 0.1954339899926429 0.24119153509747387 0.3941203906840411 1.0376310715956518 0.13155870289605437
0.7391404949863533 0.15169496905422947 0.08620109117803146 0.1869769565100777 0.30352623994487676 0.12624819542352975 0.07614311298414658 0.04489127034465819 0.4223265132506677 0.30889880287639576 0.298216039682829 0.5611461135197268 0.08458653648709205 0.06785411813860227 0.1954339899926429 0 0.12855552015422697 0.5774145871611047 1.2910759483380922 0.24308621740219888
0.7224605559707382 0.205932942880324 0.1535913379435574 0.10638457960892883 0.2956017482574267 0.17138776967351807 0.13954653102068132 0.11680545713712112 0.4149082708351032 0.3623682800431779 0.364357871220116 0.5457541441030943 0.1469150308194139 0.1480421354982041 0.24119153509747387 0.12855552015422697 0 0.5966749051270523 1.2554419064432063 0.22211591854852286
0.1513513786491703 0.4601789933084222 0.505630902805134 0.525503163836847 0.33778301183328374 0.6782010837183247 0.5630291295486302 0.5787705672009662 0.21493173840527377 0.2750095491084634 0.27139876381914035 0.1143323900950059 0.5858407143247674 0.6285501088999069 0.3941203906840411 0.5774145871611047 0.5966749051270523 0 0.5693348372115877 0.39352795757565323
0.3962969619506085 1.1134827120346322 1.1915450866360828 1.1688744436721423 0.9286701033841567 1.4370509525119282 1.2684857596555743 1.289403573887819 0.7448494644139051 0.867956343536767 0.8755950357709131 0.6014065304058601 1.3005309373306921 1.3503516624950336 1.0376310715956518 1.2910759483380922 1.2554419064432063 0.5693348372115877 0 0.9846579518042202
0.4986668617957829 0.1733438113203841 0.212766709933391 0.16288508918883665 0.12214918912208556 0.31738399570961473 0.25058800551629407 0.23391813973483638 0.21031112483834333 0.18232322463624387 0.2044652050273827 0.3410955201203233 0.2701879129339911 0.26916687204956063 0.13155870289605437 0.24308621740219888 0.22211591854852286 0.39352795757565323 0.9846579518042202 0
