0 0.3965988757416911 0.36239489187309615 0.23332043872114896 0.3086574032034064 0.4061170936604498 0.152084062425343 0.13951602128303114 0.2288458011741324 0.1631046437459271 0.17090712607171316 0.26865758868318446 0.3945554472380646 0.34589627746409113 0.2982652674598074 0.1610992248880472 0.24625208595496229 0.2970041082104406 0.1382244384447542 0.22719213662610355
0.3965988757416911 0 0.16107020990700918 0.34023484245122887 0.19074675216263748 0.13160268735579572 0.4687857730457496 0.3553345272593507 0.26940589612191335 0.46684462279028055 0.352965630410955 0.3493550065167699 0.06612306532476561 0.17018138487640688 0.20670865759422902 0.30772872744833185 0.3275281205861106 0.3377602647365992 0.48280454958526753 0.3343239249178658
0.36239489187309615 0.16107020990700918 0 0.268053431518539 0.06902816971884183 0.0736439640364208 0.40429760070417087 0.32341602429845995 0.17154028692674647 0.4281418731560118 0.2852172812710828 0.22246512118576645 0.10849482865466845 0.03181675412267548 0.20443636810548085 0.2744504568656548 0.3021527239365232 0.32527256735885185 0.418098408143205 0.2789754976941696
0.23332043872114896 0.34023484245122887 0.268053431518539 0 0.2274402931161278 0.2595300273528491 0.2163044946564961 0.22625991334546378 0.20941075360672293 0.23001280782207925 0.1770729756616673 0.22177479730813107 0.29626944827779095 0.24325412130553295 0.15737427111332183 0.1325244279909818 0.07073991553074502 0.15584744158130517 0.22648584233834076 0.02589010321514754
0.3086574032034064 0.19074675216263748 0.06902816971884183 0.2274402931161278 0 0.10516408909773728 0.35059473279937714 0.29497917191626727 0.09996648521741833 0.3728136996269047 0.28966423188173995 0.1697455723193801 0.1424998689718452 0.05810379255831446 0.20638156262962068 0.21480074417627545 0.25798051077052025 0.31049191415908073 0.35807008006758395 0.23342300143881362
0.4061170936604498 0.13160268735579572 0.0736439640364208 0.2595300273528491 0.10516408909773728 0 0.42258664475995017 0.38811991141535834 0.18641092980036003 0.4123635719826146 0.33992201391933347 0.2144559850430416 0.06521774354804036 0.08319588753083597 0.14609351717156863 0.2685068070445119 0.28108409152470104 0.26624427141721313 0.4222255656333807 0.26788200422824154
0.152084062425343 0.4687857730457496 0.40429760070417087 0.2163044946564961 0.35059473279937714 0.42258664475995017 0 0.21988001778747934 0.32276507852983005 0.2282177322938192 0.14534441853748634 0.38507702310770275 0.44074039787764285 0.3754062839761483 0.3024330273640912 0.20799355007410203 0.22657332165431585 0.25461427959277744 0.22364661023097637 0.20597146021777488
0.13951602128303114 0.3553345272593507 0.32341602429845995 0.22625991334546378 0.29497917191626727 0.38811991141535834 0.21988001778747934 0 0.2449489742783178 0.16329931618554522 0.18333333333333332 0.2254407447906538 0.35503402748393403 0.33056779599754954 0.28504756630994355 0.1411300658019085 0.23533936216582083 0.26073885298385757 0.1849385822436173 0.2204138178115226
0.2288458011741324 0.26940589612191335 0.17154028692674647 0.20941075360672293 0.09996648521741833 0.18641092980036003 0.32276507852983005 0.2449489742783178 0 0.29545454545454547 0.3324307508062884 0.09313146293146642 0.2077740498524804 0.15256299919729882 0.2620873624555248 0.16274679884452284 0.2602082499332666 0.2771835714700948 0.2707465243480285 0.22160131510697959
0.1631046437459271 0.46684462279028055 0.4281418731560118 0.23001280782207925 0.3728136996269047 0.4123635719826146 0.2282177322938192 0.16329931618554522 0.29545454545454547 0 0.25979436665882194 0.2091722696856465 0.43073683062201185 0.42022101542810936 0.2947037067681717 0.1535635938940482 0.24019223070763068 0.2645843182214542 0.07143866163506739 0.22343273093431
0.17090712607171316 0.352965630410955 0.2852172812710828 0.1770729756616673 0.28966423188173995 0.33992201391933347 0.14534441853748634 0.18333333333333332 0.3324307508062884 0.25979436665882194 0 0.3913901819282184 0.35013700641519013 0.2837156674309677 0.2297832422294443 0.19886509272087108 0.18631032838127484 0.19802950859533486 0.25664946107277503 0.16777768221474107
0.26865758868318446 0.3493550065167699 0.22246512118576645 0.22177479730813107 0.1697455723193801 0.2144559850430416 0.38507702310770275 0.2254407447906538 0.09313146293146642 0.2091722696856465 0.3913901819282184 0 0.2759970192482881 0.21271457223142537 0.2868809627217721 0.18981415059132417 0.20878156908535675 0.24492150505225682 0.20917251799066253 0.2286740602281719
0.3945554472380646 0.06612306532476561 0.10849482865466845 0.29626944827779095 0.1424998689718452 0.06521774354804036 0.44074039787764285 0.35503402748393403 0.2077740498524804 0.43073683062201185 0.35013700641519013 0.2759970192482881 0 0.11280596484714123 0.17306112086163025 0.2733053217857684 0.2929173779361566 0.30304833619511234 0.44635515159480743 0.2996463080563397
0.34589627746409113 0.17018138487640688 0.03181675412267548 0.24325412130553295 0.05810379255831446 0.08319588753083597 0.3754062839761483 0.33056779599754954 0.15256299919729882 0.42022101542810936 0.2837156674309677 0.21271457223142537 0.11280596484714123 0 0.19532947777102838 0.2679962525261535 0.2935201981693509 0.304115631002474 0.4067135170216009 0.2620247179242719
0.2982652674598074 0.20670865759422902 0.20443636810548085 0.15737427111332183 0.20638156262962068 0.14609351717156863 0.3024330273640912 0.28504756630994355 0.2620873624555248 0.2947037067681717 0.2297832422294443 0.2868809627217721 0.17306112086163025 0.19532947777102838 0 0.1567355134675177 0.14831256152209546 0.1267196172059585 0.3029924366671768 0.15501377429816882
0.1610992248880472 0.30772872744833185 0.2744504568656548 0.1325244279909818 0.21480074417627545 0.2685068070445119 0.20799355007410203 0.1411300658019085 0.16274679884452284 0.1535635938940482 0.19886509272087108 0.18981415059132417 0.2733053217857684 0.2679962525261535 0.1567355134675177 0 0.11008248943072459 0.19372988321653778 0.17069367317582684 0.12978843430125434
0.24625208595496229 0.3275281205861106 0.3021527239365232 0.07073991553074502 0.25798051077052025 0.28108409152470104 0.22657332165431585 0.23533936216582083 0.2602082499332666 0.24019223070763068 0.18631032838127484 0.20878156908535675 0.2929173779361566 0.2935201981693509 0.14831256152209546 0.11008248943072459 0 0.09061915769440536 0.24056261216234406 0.0548398509973291
0.2970041082104406 0.3377602647365992 0.32527256735885185 0.15584744158130517 0.31049191415908073 0.26624427141721313 0.25461427959277744 0.26073885298385757 0.2771835714700948 0.2645843182214542 0.19802950859533486 0.24492150505225682 0.30304833619511234 0.304115631002474 0.1267196172059585 0.19372988321653778 0.09061915769440536 0 0.31017689945385524 0.13680854337396825
0.1382244384447542 0.48280454958526753 0.418098408143205 0.22648584233834076 0.35807008006758395 0.4222255656333807 0.22364661023097637 0.1849385822436173 0.2707465243480285 0.07143866163506739 0.25664946107277503 0.20917251799066253 0.44635515159480743 0.4067135170216009 0.3029924366671768 0.17069367317582684 0.24056261216234406 0.31017689945385524 0 0.21977016016493983
0.22719213662610355 0.3343239249178658 0.2789754976941696 0.02589010321514754 0.23342300143881362 0.26788200422824154 0.20597146021777488 0.2204138178115226 0.22160131510697959 0.22343273093431 0.16777768221474107 0.2286740602281719 0.2996463080563397 0.2620247179242719 0.15501377429816882 0.12978843430125434 0.0548398509973291 0.13680854337396825 0.21977016016493983 0
