0 0.193984242130522 0.39647068009854 0.39159252288290486 0.2277450991337231 0.35970085328337625 0.26198125853112303 0.20179384878159135 0.22781054041280493 0.1584984657665369 0.49354553414372554 0.21346684454591386 0.30485548675736357 0.24687568776888505 0.32052388726899966 0.28475534934348223 0.5130994133224662 0.27352053741529625 0.2762137969161919 0.42784916219212976
0.193984242130522 0 0.3347468464208475 0.3626244077165652 0.2037058867774597 0.3101963945608449 0.257228578574405 0.17926323257687618 0.2802979468923298 0.227612013996763 0.4186610964383258 0.17791646872272485 0.30459688177797833 0.1674825503497379 0.2997230172062022 0.34494810641301843 0.5209268767300211 0.23333405243593439 0.22912689114494614 0.3724913112520963
0.39647068009854 0.3347468464208475 0 0.18983573019014233 0.340366269007988 0.16774850274439518 0.24013986732534592 0.3577714724379013 0.537952095007888 0.47108206707984607 0.20664072176005527 0.2955200633746507 0.22967644019609373 0.33628777528636233 0.21410657056125346 0.6275606636418243 0.8062667801777585 0.31600079708162954 0.29660140642945343 0.16014583469876464
0.39159252288290486 0.3626244077165652 0.18983573019014233 0 0.3644881794232712 0.17139779254776524 0.2122183344440558 0.36058109031959545 0.5356181017117664 0.4652858947522713 0.19905876140393833 0.29520086156887926 0.211926135950886 0.3563693843417952 0.20853509898486308 0.6152135202136018 0.8120638757216615 0.3429810303809886 0.30250482000439644 0.16872043480788382
0.2277450991337231 0.2037058867774597 0.340366269007988 0.3644881794232712 0 0.31620369606336396 0.2560404494578636 0.17843522245712073 0.28458332645702755 0.258173801189579 0.42985258641596513 0.2202885034629011 0.2526583002107937 0.2387993135715521 0.28303919208945194 0.36744987807314433 0.49805281135168045 0.17419221842677268 0.29026907975451166 0.3810699764675874
0.35970085328337625 0.3101963945608449 0.16774850274439518 0.17139779254776524 0.31620369606336396 0 0.18372311855566437 0.3221986125314773 0.4864864864864865 0.4253278680754727 0.2225026997063412 0.26848506472235434 0.19140699213099985 0.3237091394913807 0.18216906026792765 0.5786593623897425 0.7765678354513552 0.29565535241576024 0.30126799397752163 0.18013697323015324
0.26198125853112303 0.257228578574405 0.24013986732534592 0.2122183344440558 0.2560404494578636 0.18372311855566437 0 0.24432998422461152 0.3887712419436826 0.32526841570469406 0.28938499849225063 0.18284818724687912 0.195399223871494 0.2543108817965316 0.19564583867609525 0.47280933717468066 0.6739044493363869 0.25209944083685926 0.21942279952057472 0.2512971782500215
0.20179384878159135 0.17926323257687618 0.3577714724379013 0.36058109031959545 0.17843522245712073 0.3221986125314773 0.24432998422461152 0 0.2558636040691144 0.20938107245964793 0.43465864794299514 0.19365604442269468 0.3049774033695041 0.19282494614829188 0.31178955850328943 0.31917461272779607 0.5074954112894245 0.209352763807281 0.26196975228158753 0.38829469491923807
0.22781054041280493 0.2802979468923298 0.537952095007888 0.5356181017117664 0.28458332645702755 0.4864864864864865 0.3887712419436826 0.2558636040691144 0 0.16587786854943434 0.6238022116767066 0.3347346261473509 0.44243255558149147 0.3218905488200808 0.4631416786472737 0.19693869056121488 0.38002255777406746 0.34072476589377254 0.39666952540373684 0.5736669762867956
0.1584984657665369 0.227612013996763 0.47108206707984607 0.4652858947522713 0.258173801189579 0.4253278680754727 0.32526841570469406 0.20938107245964793 0.16587786854943434 0 0.5552464453022918 0.25680343170694125 0.36887067350291186 0.26787758255537053 0.3848339258781495 0.20661666638167595 0.43683395205418174 0.3012950368201145 0.3508409503108684 0.5024207262245022
0.49354553414372554 0.4186610964383258 0.20664072176005527 0.19905876140393833 0.42985258641596513 0.2225026997063412 0.28938499849225063 0.43465864794299514 0.6238022116767066 0.5552464453022918 0 0.3506182277416997 0.29338240277443156 0.4042366926909683 0.280517566875266 0.7205855298135894 0.913310325148906 0.4102625129478476 0.3425064131464548 0.14666989706145558
0.21346684454591386 0.17791646872272485 0.2955200633746507 0.29520086156887926 0.2202885034629011 0.26848506472235434 0.18284818724687912 0.19365604442269468 0.3347346261473509 0.25680343170694125 0.3506182277416997 0 0.2441048489375806 0.19848900410135664 0.2330288023474252 0.39522799838819184 0.5947259306994283 0.22606810466957342 0.18656293426832196 0.31212954475377963
0.30485548675736357 0.30459688177797833 0.22967644019609373 0.211926135950886 0.2526583002107937 0.19140699213099985 0.195399223871494 0.3049774033695041 0.44243255558149147 0.36887067350291186 0.29338240277443156 0.2441048489375806 0 0.3192393646406399 0.13227527105552614 0.492855893457208 0.6963344045172476 0.24111490853948803 0.2658252773013905 0.2548263735383496
0.24687568776888505 0.1674825503497379 0.33628777528636233 0.3563693843417952 0.2387993135715521 0.3237091394913807 0.2543108817965316 0.19282494614829188 0.3218905488200808 0.26787758255537053 0.4042366926909683 0.19848900410135664 0.3192393646406399 0 0.3141312052262817 0.40049225667962923 0.5203122810810952 0.2532847691538772 0.2027167704612385 0.3625120508161651
0.32052388726899966 0.2997230172062022 0.21410657056125346 0.20853509898486308 0.28303919208945194 0.18216906026792765 0.19564583867609525 0.31178955850328943 0.4631416786472737 0.3848339258781495 0.280517566875266 0.2330288023474252 0.13227527105552614 0.3141312052262817 0 0.5049684404586762 0.719168814584205 0.2706210615418628 0.25468833004902364 0.2393512117319333
0.28475534934348223 0.34494810641301843 0.6275606636418243 0.6152135202136018 0.36744987807314433 0.5786593623897425 0.47280933717468066 0.31917461272779607 0.19693869056121488 0.20661666638167595 0.7205855298135894 0.39522799838819184 0.492855893457208 0.40049225667962923 0.5049684404586762 0 0.33889420208025234 0.4145247807767805 0.4444721919754003 0.6596705492151537
0.5130994133224662 0.5209268767300211 0.8062667801777585 0.8120638757216615 0.49805281135168045 0.7765678354513552 0.6739044493363869 0.5074954112894245 0.38002255777406746 0.43683395205418174 0.913310325148906 0.5947259306994283 0.6963344045172476 0.5203122810810952 0.719168814584205 0.33889420208025234 0 0.5356257305792541 0.620063802808829 0.8488100150835068
0.27352053741529625 0.23333405243593439 0.31600079708162954 0.3429810303809886 0.17419221842677268 0.29565535241576024 0.25209944083685926 0.209352763807281 0.34072476589377254 0.3012950368201145 0.4102625129478476 0.22606810466957342 0.24111490853948803 0.2532847691538772 0.2706210615418628 0.4145247807767805 0.5356257305792541 0 0.30143097369946575 0.359359712261533
0.2762137969161919 0.22912689114494614 0.29660140642945343 0.30250482000439644 0.29026907975451166 0.30126799397752163 0.21942279952057472 0.26196975228158753 0.39666952540373684 0.3508409503108684 0.3425064131464548 0.18656293426832196 0.2658252773013905 0.2027167704612385 0.25468833004902364 0.4444721919754003 0.620063802808829 0.30143097369946575 0 0.3027403439340812
0.42784916219212976 0.3724913112520963 0.16014583469876464 0.16872043480788382 0.3810699764675874 0.18013697323015324 0.2512971782500215 0.38829469491923807 0.5736669762867956 0.5024207262245022 0.14666989706145558 0.31212954475377963 0.2548263735383496 0.3625120508161651 0.2393512117319333 0.6596705492151537 0.8488100150835068 0.359359712261533 0.3027403439340812 0
