0 0.26914476439194357 0.1425090823447476 0.18886991421445054 0.27248849029033345 0.23537605883625606 0.29161369401004783 0.11491423807712053 0.22613350843332272 0.35570221277231745 0.23730172553879142 0.2320125442693408 0.22987351701098802 0.28100704473272087 0.31379208585587376 0.30516814582326823 0.3307235925545868 0.2666993546816594 0.16950394782751094 0.18615156839820687
0.26914476439194357 0 0.3284108161259055 0.12880536830744313 0.16666763077949487 0.19527187482050817 0.09187441569313519 0.22533669173712317 0.12397947191342824 0.14676754357786015 0.17099190268269562 0.44584791733109647 0.15058779910037898 0.08711696681033586 0.15627139583864016 0.11377136613561536 0.562152714462404 0.11340474028600317 0.21279501793393926 0.2726434869747691
0.1425090823447476 0.3284108161259055 0 0.2549667148515331 0.32729566582238867 0.2458926881504226 0.34941251817598007 0.17667532669188163 0.29086101868023934 0.4046479555085769 0.27184188805307263 0.23137852352807736 0.28273592129443303 0.3482075840427101 0.36339698152361305 0.3544929996664771 0.31734436976580466 0.32626673520996324 0.21841137443853897 0.23849952300143099
0.18886991421445054 0.12880536830744313 0.2549667148515331 0 0.15037393977968436 0.17156636599510133 0.14860019827525398 0.16198477414681167 0.1184068891994773 0.21549920950447163 0.11223008305690575 0.34570865256115435 0.11881211413043936 0.12284057901591701 0.17201561551404665 0.16123387813255555 0.46068221272042836 0.14822136196440283 0.14601596751051302 0.1915372233705708
0.27248849029033345 0.16666763077949487 0.32729566582238867 0.15037393977968436 0 0.21262814481942097 0.15696419543432566 0.27447632602008865 0.14827018532540756 0.18983872344729052 0.19634343515267055 0.42436393079845025 0.19766168408316354 0.1502673798913498 0.12005017023305976 0.17817649864432303 0.549038993786465 0.1404183699960168 0.20821658935365736 0.2511330257257486
0.23537605883625606 0.19527187482050817 0.2458926881504226 0.17156636599510133 0.21262814481942097 0 0.19816409621475006 0.21222324363091644 0.1463726384610896 0.23822000015302328 0.16935566374069236 0.39808109706155126 0.19846762005673724 0.19880668399307566 0.2242152599762468 0.17909432677931353 0.4884068214261066 0.16384882780328106 0.18446961297873068 0.2932510333867137
0.29161369401004783 0.09187441569313519 0.34941251817598007 0.14860019827525398 0.15696419543432566 0.19816409621475006 0 0.26478066511367293 0.11919388111489208 0.11408273999062024 0.2072764136770406 0.4719836890287868 0.18361723865976812 0.0773116280386402 0.12206946468995024 0.08750384546833107 0.5890945285723488 0.10902733269386532 0.21945978885968592 0.3137490809618674
0.11491423807712053 0.22533669173712317 0.17667532669188163 0.16198477414681167 0.27447632602008865 0.21222324363091644 0.26478066511367293 0 0.23387363842789252 0.33216754351972744 0.16361608190805715 0.251122928244388 0.1796270324176947 0.2498992815375762 0.2945613409326865 0.2742330500082239 0.3367876570272817 0.25630252100840334 0.16556654463313047 0.1515228816828316
0.22613350843332272 0.12397947191342824 0.29086101868023934 0.1184068891994773 0.14827018532540756 0.1463726384610896 0.11919388111489208 0.23387363842789252 0 0.16853296812356272 0.18132802416007465 0.43154310910649596 0.16010488308461357 0.1391037210186643 0.148675801566703 0.1551929964418506 0.5251050315105037 0.10343431067725965 0.15259198447326844 0.29154759474226505
0.35570221277231745 0.14676754357786015 0.4046479555085769 0.21549920950447163 0.18983872344729052 0.23822000015302328 0.11408273999062024 0.33216754351972744 0.16853296812356272 0 0.26868572442131716 0.5408521132466446 0.23187547038493264 0.14102204808154215 0.1548964218709698 0.12491483166653446 0.6686478498357316 0.15721249524260256 0.26903708365381973 0.3741848282791349
0.23730172553879142 0.17099190268269562 0.27184188805307263 0.11223008305690575 0.19634343515267055 0.16935566374069236 0.2072764136770406 0.16361608190805715 0.18132802416007465 0.26868572442131716 0 0.3819267780932887 0.14401036911987838 0.178817826414712 0.2127525812400441 0.1840999225674118 0.4836895859273413 0.209599686627315 0.2106949392172199 0.18896693367965597
0.2320125442693408 0.44584791733109647 0.23137852352807736 0.34570865256115435 0.42436393079845025 0.39808109706155126 0.4719836890287868 0.251122928244388 0.43154310910649596 0.5408521132466446 0.3819267780932887 0 0.3935438639383477 0.4524614483346644 0.4778621249370964 0.47712182685518395 0.17327582002091801 0.4489227669906849 0.34641202344849414 0.2667891875399663
0.22987351701098802 0.15058779910037898 0.28273592129443303 0.11881211413043936 0.19766168408316354 0.19846762005673724 0.18361723865976812 0.1796270324176947 0.16010488308461357 0.23187547038493264 0.14401036911987838 0.3935438639383477 0 0.158655679740622 0.199703951954116 0.18190382104324668 0.4900189558324237 0.17381556960418107 0.20401795776949302 0.21338602774770576
0.28100704473272087 0.08711696681033586 0.3482075840427101 0.12284057901591701 0.1502673798913498 0.19880668399307566 0.0773116280386402 0.2498992815375762 0.1391037210186643 0.14102204808154215 0.178817826414712 0.4524614483346644 0.158655679740622 0 0.1374370193661532 0.08935523027654373 0.5794829062159567 0.11133410614306674 0.2127079939119674 0.2757764159222963
0.31379208585587376 0.15627139583864016 0.36339698152361305 0.17201561551404665 0.12005017023305976 0.2242152599762468 0.12206946468995024 0.2945613409326865 0.148675801566703 0.1548964218709698 0.2127525812400441 0.4778621249370964 0.199703951954116 0.1374370193661532 0 0.15503894602372356 0.605952567382666 0.12784617817905153 0.22513057245524512 0.30342250640205376
0.30516814582326823 0.11377136613561536 0.3544929996664771 0.16123387813255555 0.17817649864432303 0.17909432677931353 0.08750384546833107 0.2742330500082239 0.1551929964418506 0.12491483166653446 0.1840999225674118 0.47712182685518395 0.18190382104324668 0.08935523027654373 0.15503894602372356 0 0.5996597284563532 0.14074023538358976 0.24320654091012803 0.2872146585080913
0.3307235925545868 0.562152714462404 0.31734436976580466 0.46068221272042836 0.549038993786465 0.4884068214261066 0.5890945285723488 0.3367876570272817 0.5251050315105037 0.6686478498357316 0.4836895859273413 0.17327582002091801 0.4900189558324237 0.5794829062159567 0.605952567382666 0.5996597284563532 0 0.5603693789193427 0.43971348991857667 0.36742346141747667
0.2666993546816594 0.11340474028600317 0.32626673520996324 0.14822136196440283 0.1404183699960168 0.16384882780328106 0.10902733269386532 0.25630252100840334 0.10343431067725965 0.15721249524260256 0.209599686627315 0.4489227669906849 0.17381556960418107 0.11133410614306674 0.12784617817905153 0.14074023538358976 0.5603693789193427 0 0.18309711994722663 0.3036399707448116
0.16950394782751094 0.21279501793393926 0.21841137443853897 0.14601596751051302 0.20821658935365736 0.18446961297873068 0.21945978885968592 0.16556654463313047 0.15259198447326844 0.26903708365381973 0.2106949392172199 0.34641202344849414 0.20401795776949302 0.2127079939119674 0.22513057245524512 0.24320654091012803 0.43971348991857667 0.18309711994722663 0 0.2200976657216981
0.18615156839820687 0.2726434869747691 0.23849952300143099 0.1915372233705708 0.2511330257257486 0.2932510333867137 0.3137490809618674 0.1515228816828316 0.29154759474226505 0.3741848282791349 0.18896693367965597 0.2667891875399663 0.21338602774770576 0.2757764159222963 0.30342250640205376 0.2872146585080913 0.36742346141747667 0.3036399707448116 0.2200976657216981 0
