0 0.40329231166077123 0.43260328754599675 0.23470139701908863 0.33806773635479 0.7340979797077576 0.7327828178988449 0.6175188675200304 0.19913817564968156 0.7496565817887128 0.29648243956261755 0.14411533842457844 0.2891574659831201 0.6309823899509797 0.5574120200382838 0.6317034206476227 0.6652802576763349 0.39788626334273136 0.5805319067766657 0.3491614183440626
0.40329231166077123 0 0.24844824533943663 0.4319746502591387 0.18158763403782477 0.35947010662054074 0.38045589271739155 0.24749654386629774 0.22816152044065643 0.37147100624209334 0.38628954969645607 0.40144827099604535 0.15770415471406793 0.2656790399515227 0.17246975748176038 0.2153527608232662 0.30346290218579897 0.18177381368779247 0.2286537084249414 0.17782072168122998
0.43260328754599675 0.24844824533943663 0 0.28164597495048843 0.44598634390900793 0.5407438542240431 0.5320369615206759 0.3497539878316057 0.28511355357222756 0.5634791130125354 0.20004796866116492 0.3812612215366507 0.35140357432685493 0.46157715173179387 0.38316402729728144 0.42859730770726157 0.4679884744534899 0.4621187395641777 0.38677192448830533 0.14519001127082504
0.23470139701908863 0.4319746502591387 0.28164597495048843 0 0.3368113012650292 0.6400147335480371 0.6309237879016263 0.4836605936072939 0.28429069344018437 0.6637735210964695 0.0779350238878107 0.34387805781129416 0.28775040359288867 0.5953565321192006 0.5682476620325027 0.6361400602297239 0.5641905379076855 0.3625154191597146 0.47994710207896235 0.28178841830564066
0.33806773635479 0.18158763403782477 0.44598634390900793 0.3368113012650292 0 0.4104731590538703 0.4372097821296711 0.3494075251533742 0.2078369720349056 0.4072489737692144 0.31120164004304274 0.41793782994958745 0.09855280842377612 0.35687333602142296 0.2993570847150934 0.36073161553172756 0.35631751318937416 0.056163134978898945 0.2869385123699069 0.2933888793610309
0.7340979797077576 0.35947010662054074 0.5407438542240431 0.6400147335480371 0.4104731590538703 0 0.02711077243262074 0.17524978130909136 0.5952650325675451 0.03881365659269721 0.5657738130881735 0.7661301274916834 0.42711106034381774 0.0888088888077163 0.1868214387207789 0.1381303321129001 0.06500175484536798 0.36393807596776984 0.1400828582229871 0.45240542636350495
0.7327828178988449 0.38045589271739155 0.5320369615206759 0.6309237879016263 0.4372097821296711 0.02711077243262074 0 0.16746514458107006 0.6211514294446622 0.06568912850863748 0.5569746881147225 0.7875753386751944 0.44911387428502203 0.10376786564401672 0.20301434203152538 0.1527741799337436 0.07860290112832152 0.3890293761242691 0.15704252238350516 0.4439972046386439
0.6175188675200304 0.24749654386629774 0.3497539878316057 0.4836605936072939 0.3494075251533742 0.17524978130909136 0.16746514458107006 0 0.48921492131165106 0.19549227885820517 0.4165635363976486 0.6329399731351514 0.3316117831535935 0.10378020574048898 0.1429274361100772 0.15642116613339602 0.10962723730812536 0.30160961201015674 0.0875527941739137 0.28662040158731067
0.19913817564968156 0.22816152044065643 0.28511355357222756 0.28429069344018437 0.2078369720349056 0.5952650325675451 0.6211514294446622 0.48921492131165106 0 0.6067432816478502 0.30592564164051295 0.19699175407541533 0.16208700875714357 0.49189460233932153 0.3755784778123112 0.437727408185935 0.537766858262158 0.23445035713634793 0.4579294754441722 0.23721517843389126
0.7496565817887128 0.37147100624209334 0.5634791130125354 0.6637735210964695 0.4072489737692144 0.03881365659269721 0.06568912850863748 0.19549227885820517 0.6067432816478502 0 0.5887552039748771 0.7913563790727834 0.4390828434045406 0.10201367227509853 0.1992148398239062 0.1541232515560241 0.08496107533789547 0.3455967039837712 0.16020938991455805 0.4743416490252569
0.29648243956261755 0.38628954969645607 0.20004796866116492 0.0779350238878107 0.31120164004304274 0.5657738130881735 0.5569746881147225 0.4165635363976486 0.30592564164051295 0.5887552039748771 0 0.398520272960108 0.2712990596249955 0.5250502372087005 0.4970921900629107 0.562292780862453 0.49228365533324014 0.33558784969163064 0.4103489449679159 0.21721086669772363
0.14411533842457844 0.40144827099604535 0.3812612215366507 0.34387805781129416 0.41793782994958745 0.7661301274916834 0.7875753386751944 0.6329399731351514 0.19699175407541533 0.7913563790727834 0.398520272960108 0 0.3310610959858653 0.678822832995835 0.5932237473453119 0.6427097542105222 0.6858613770408548 0.44128942535727433 0.5971420094235076 0.3379156579235693
0.2891574659831201 0.15770415471406793 0.35140357432685493 0.28775040359288867 0.09855280842377612 0.42711106034381774 0.44911387428502203 0.3316117831535935 0.16208700875714357 0.4390828434045406 0.2712990596249955 0.3310610959858653 0 0.34362543394043177 0.2965181811076339 0.3574229255630736 0.37016888886423943 0.12848077873378574 0.29210504524143444 0.20033111509044924
0.6309823899509797 0.2656790399515227 0.46157715173179387 0.5953565321192006 0.35687333602142296 0.0888088888077163 0.10376786564401672 0.10378020574048898 0.49189460233932153 0.10201367227509853 0.5250502372087005 0.678822832995835 0.34362543394043177 0 0.09868945247128345 0.07292465397807583 0.06104754340284097 0.31149466970606676 0.10023716920323487 0.3757984890207871
0.5574120200382838 0.17246975748176038 0.38316402729728144 0.5682476620325027 0.2993570847150934 0.1868214387207789 0.20301434203152538 0.1429274361100772 0.3755784778123112 0.1992148398239062 0.4970921900629107 0.5932237473453119 0.2965181811076339 0.09868945247128345 0 0.06478227633526094 0.1318646984728195 0.2551783708638115 0.12390642625342894 0.30772438635326427
0.6317034206476227 0.2153527608232662 0.42859730770726157 0.6361400602297239 0.36073161553172756 0.1381303321129001 0.1527741799337436 0.15642116613339602 0.437727408185935 0.1541232515560241 0.562292780862453 0.6427097542105222 0.3574229255630736 0.07292465397807583 0.06478227633526094 0 0.13062325568680255 0.3143501680335041 0.1342942019503343 0.36988699822491733
0.6652802576763349 0.30346290218579897 0.4679884744534899 0.5641905379076855 0.35631751318937416 0.06500175484536798 0.07860290112832152 0.10962723730812536 0.537766858262158 0.08496107533789547 0.49228365533324014 0.6858613770408548 0.37016888886423943 0.06104754340284097 0.1318646984728195 0.13062325568680255 0 0.3111193219533474 0.08034771390987258 0.3820158821526057
0.39788626334273136 0.18177381368779247 0.4621187395641777 0.3625154191597146 0.056163134978898945 0.36393807596776984 0.3890293761242691 0.30160961201015674 0.23445035713634793 0.3455967039837712 0.33558784969163064 0.44128942535727433 0.12848077873378574 0.31149466970606676 0.2551783708638115 0.3143501680335041 0.3111193219533474 0 0.2435312661223219 0.31477228055134815
0.5805319067766657 0.2286537084249414 0.38677192448830533 0.47994710207896235 0.2869385123699069 0.1400828582229871 0.15704252238350516 0.0875527941739137 0.4579294754441722 0.16020938991455805 0.4103489449679159 0.5971420094235076 0.29210504524143444 0.10023716920323487 0.12390642625342894 0.1342942019503343 0.08034771390987258 0.2435312661223219 0 0.3030712544936858
0.3491614183440626 0.17782072168122998 0.14519001127082504 0.28178841830564066 0.2933888793610309 0.45240542636350495 0.4439972046386439 0.28662040158731067 0.23721517843389126 0.4743416490252569 0.21721086669772363 0.3379156579235693 0.20033111509044924 0.3757984890207871 0.30772438635326427 0.36988699822491733 0.3820158821526057 0.31477228055134815 0.3030712544936858 0
