0 0.5112988047395017 0.7994411218498096 0.7474052941921621 0.6328525580472344 0.6588400877268111 0.8132457206402846 0.2856702059075338 0.697985969055619 0.8024109396285799 0.814247862896113 0.5667942268612923 0.1366626592926814 0.3943470466904112 0.5927718005402974 0.5619285625823625 0.8423613436432691 1.4773685287791505 0.6801956154211489 0.3309052537511801
0.5112988047395017 0 0.3768771367419792 0.32101545358320305 0.272116474884499 0.2583712477507309 0.38326486705769636 0.27659299034017343 0.26608213628658633 0.34832543423374523 0.3771361368270831 0.16954544085852072 0.5646028394271608 0.18730787771215765 0.22048264024581662 0.18575301236038083 0.3906244940213437 2.42841047176025 0.299228977727743 0.24600787237787614
0.7994411218498096 0.3768771367419792 0 0.17290889781466448 0.23128619245475815 0.2008069335481518 0.10168823954302636 0.562867228459309 0.19048686376179833 0.1361560370039008 0.1589184565386523 0.32522352345557304 0.8739788005831708 0.47243778795556246 0.2706712941000876 0.3216430022930709 0.16297237706587492 3.118683691665099 0.19239648765682815 0.5300603297884678
0.7474052941921621 0.32101545358320305 0.17290889781466448 0 0.20382139539297414 0.1443856967848479 0.178149475719845 0.4974693339910334 0.133593966301388 0.12212718712500277 0.12831572089496918 0.24893788733170522 0.8454142227012811 0.41115005306843505 0.276561470398569 0.24080944937366108 0.15214348457705754 3.1027908395067985 0.22306959786403738 0.4348699082060651
0.6328525580472344 0.272116474884499 0.23128619245475815 0.20382139539297414 0 0.13005087429264242 0.24439429958453143 0.4268408191059687 0.1972865586793193 0.2402347375371318 0.23494310522441833 0.19859199892647625 0.7258921848888179 0.3463746520820186 0.17943494538781257 0.18987401488092534 0.2618244243458055 2.7887621535274647 0.13725195513598426 0.3902085269866876
0.6588400877268111 0.2583712477507309 0.2008069335481518 0.1443856967848479 0.13005087429264242 0 0.20877557121348952 0.41032036729282434 0.13737398145923518 0.18354707822729774 0.1911177453843198 0.18617689685679725 0.7288687451857827 0.33080174006800694 0.19823455201695575 0.1854586327421798 0.20736091495145478 2.8313725911000365 0.16467480379960636 0.3794099209035957
0.8132457206402846 0.38326486705769636 0.10168823954302636 0.178149475719845 0.24439429958453143 0.20877557121348952 0 0.5703753181988658 0.1903054257678198 0.1404780496391887 0.16350882740136918 0.3255006201510143 0.8776590525740762 0.47599723830767526 0.2747817363766121 0.32443671072438574 0.1633558198453563 3.122494010986403 0.21166151873551986 0.5317605016735262
0.2856702059075338 0.27659299034017343 0.562867228459309 0.4974693339910334 0.4268408191059687 0.41032036729282434 0.5703753181988658 0 0.4543803013936257 0.5386275612011114 0.5538325058927743 0.32155129847769937 0.3483550036370585 0.17189697355346592 0.3957337728049256 0.3369086859767304 0.5772093704463789 1.9220419143585528 0.4768027017060582 0.11546332147900983
0.697985969055619 0.26608213628658633 0.19048686376179833 0.133593966301388 0.1972865586793193 0.13737398145923518 0.1903054257678198 0.4543803013936257 0 0.15151526959112757 0.19577447855308017 0.21385719392328031 0.7622076396581567 0.3585245065711188 0.2090534503758216 0.21949945997800627 0.20789409433046827 2.87045456323175 0.18247056700861194 0.3937184909158612
0.8024109396285799 0.34832543423374523 0.1361560370039008 0.12212718712500277 0.2402347375371318 0.18354707822729774 0.1404780496391887 0.5386275612011114 0.15151526959112757 0 0.13199935615713668 0.29324360930217735 0.871235804241627 0.449838202369556 0.29098718778812954 0.2919593834832475 0.12731882689404028 3.15170566037062 0.20642559242978914 0.4752998222647093
0.814247862896113 0.3771361368270831 0.1589184565386523 0.12831572089496918 0.23494310522441833 0.1911177453843198 0.16350882740136918 0.5538325058927743 0.19577447855308017 0.13199935615713668 0 0.30056918573457125 0.9057100562661238 0.46126788825822523 0.31428708388806226 0.2936509349383261 0.1118899585251689 3.258856291205728 0.22796326630519767 0.503733587590598
0.5667942268612923 0.16954544085852072 0.32522352345557304 0.24893788733170522 0.19859199892647625 0.18617689685679725 0.3255006201510143 0.32155129847769937 0.21385719392328031 0.29324360930217735 0.30056918573457125 0 0.6406813087254315 0.25113542232774316 0.21781182196607368 0.12858596791655832 0.3204818206467972 2.6015516621982195 0.24445618091159196 0.28705871495957425
0.1366626592926814 0.5646028394271608 0.8739788005831708 0.8454142227012811 0.7258921848888179 0.7288687451857827 0.8776590525740762 0.3483550036370585 0.7622076396581567 0.871235804241627 0.9057100562661238 0.6406813087254315 0 0.4445772332914984 0.6482355265611661 0.6554413846549918 0.9403235205861945 1.3893405588852752 0.7660415819890322 0.40541189196812943
0.3943470466904112 0.18730787771215765 0.47243778795556246 0.41115005306843505 0.3463746520820186 0.33080174006800694 0.47599723830767526 0.17189697355346592 0.3585245065711188 0.449838202369556 0.46126788825822523 0.25113542232774316 0.4445772332914984 0 0.30321525740242006 0.25366122809572117 0.4876402670948938 2.155633212532101 0.39281468197196434 0.1650333797264152
0.5927718005402974 0.22048264024581662 0.2706712941000876 0.276561470398569 0.17943494538781257 0.19823455201695575 0.2747817363766121 0.3957337728049256 0.2090534503758216 0.29098718778812954 0.31428708388806226 0.21781182196607368 0.6482355265611661 0.30321525740242006 0 0.24353424427261033 0.33879457461474544 2.5096635696457263 0.19148893577236506 0.3729445402270244
0.5619285625823625 0.18575301236038083 0.3216430022930709 0.24080944937366108 0.18987401488092534 0.1854586327421798 0.32443671072438574 0.3369086859767304 0.21949945997800627 0.2919593834832475 0.2936509349383261 0.12858596791655832 0.6554413846549918 0.25366122809572117 0.24353424427261033 0 0.312708674786478 2.6382054895569085 0.24791083888107013 0.28550173972542336
0.8423613436432691 0.3906244940213437 0.16297237706587492 0.15214348457705754 0.2618244243458055 0.20736091495145478 0.1633558198453563 0.5772093704463789 0.20789409433046827 0.12731882689404028 0.1118899585251689 0.3204818206467972 0.9403235205861945 0.4876402670948938 0.33879457461474544 0.312708674786478 0 3.338981453796524 0.24827328639157656 0.5225539239348856
1.4773685287791505 2.42841047176025 3.118683691665099 3.1027908395067985 2.7887621535274647 2.8313725911000365 3.122494010986403 1.9220419143585528 2.87045456323175 3.15170566037062 3.258856291205728 2.6015516621982195 1.3893405588852752 2.155633212532101 2.5096635696457263 2.6382054895569085 3.338981453796524 0 2.826743057873831 2.0569668537345556
0.6801956154211489 0.299228977727743 0.19239648765682815 0.22306959786403738 0.13725195513598426 0.16467480379960636 0.21166151873551986 0.4768027017060582 0.18247056700861194 0.20642559242978914 0.22796326630519767 0.24445618091159196 0.7660415819890322 0.39281468197196434 0.19148893577236506 0.24791083888107013 0.24827328639157656 2.826743057873831 0 0.4420698810476311
0.3309052537511801 0.24600787237787614 0.5300603297884678 0.4348699082060651 0.3902085269866876 0.3794099209035957 0.5317605016735262 0.11546332147900983 0.3937184909158612 0.4752998222647093 0.503733587590598 0.28705871495957425 0.40541189196812943 0.1650333797264152 0.3729445402270244 0.28550173972542336 0.5225539239348856 2.0569668537345556 0.4420698810476311 0
