0 0.939609891121076 0.10118109384298976 0.9753794211315077 0.6974580677756 0.7918194998039089 0.7680748820201347 0.3812464258315117 0.75716997435898 1.0320841179705924 1.121913195286955 0.9898170303583046 0.825233194102537 1.1828883320929116 0.8961361367114908 0.47563766687519476 0.8702321309103733 1.0939836104277776 0.32576851110873695 0.7655612457571578
0.939609891121076 0 0.8983035732453349 0.09986597241257777 0.26574948516581703 0.23300653227805096 0.18815029027465197 1.0613271025165012 0.21159745571518082 0.1545694565172264 0.1847363830882698 0.1392151613421629 0.10320288312976762 3.0774943645734014 0.21975291687468315 0.4055791794139482 0.1366439052293013 0.1920566506181055 0.6331859950853341 0.27371470008617654
0.10118109384298976 0.8983035732453349 0 0.9430373644238244 0.6433988133871348 0.7542223141769738 0.7368500784936064 0.3931785497463924 0.7146333207658304 0.9789450103725609 1.0802667654727605 0.9521872187429662 0.7870877278766955 1.294147920672019 0.8396802540620953 0.47446519450994934 0.8361506523829577 1.0531887010470042 0.28871932520120946 0.7224121973563297
0.9753794211315077 0.09986597241257777 0.9430373644238244 0 0.30710358972071766 0.256143953126825 0.22655144390144197 1.1044622929379433 0.22345578348425618 0.1374726505437424 0.15904855449750882 0.11613574627722187 0.14224509337465846 3.1764532221431767 0.23439878788512056 0.45048992937754806 0.14957517585272717 0.1596953826312349 0.672984960373678 0.2939430634394687
0.6974580677756 0.26574948516581703 0.6433988133871348 0.30710358972071766 0 0.2033400983565054 0.20969297541117463 0.8321881803108834 0.17526240371680324 0.328384406331134 0.4023060924985597 0.3202416116640289 0.22092126701901046 2.620846815090309 0.2556985808913094 0.23265574080820256 0.23795195699595562 0.38590132780059627 0.4182885184483802 0.1954735393571807
0.7918194998039089 0.23300653227805096 0.7542223141769738 0.256143953126825 0.2033400983565054 0 0.22825395968334733 0.9294871794871795 0.1364037241567674 0.2343943400556173 0.28527611833126865 0.21326110080593302 0.19969362351163952 2.7164213173172422 0.14230495675234844 0.3160855617963999 0.1554085718672121 0.2806291592258113 0.4792772081167485 0.1390187300023556
0.7680748820201347 0.18815029027465197 0.7368500784936064 0.22655144390144197 0.20969297541117463 0.22825395968334733 0 0.8719701705447173 0.19077735873517274 0.2755101661483821 0.31078186216968734 0.2648789758011839 0.13419153939356773 2.661882777039437 0.2719208523372475 0.3247336398839977 0.22141728903656 0.2992383662789445 0.49579561756892293 0.24147543461646379
0.3812464258315117 1.0613271025165012 0.3931785497463924 1.1044622929379433 0.8321881803108834 0.9294871794871795 0.8719701705447173 0 0.87348903358167 1.1653922100309113 1.256297269074015 1.1307019932926332 0.9445602144975438 1.224744871391589 1.0579861980771004 0.6023397553108102 1.004248373761809 1.2313881734656398 0.44504312182269495 0.910315239422832
0.75716997435898 0.21159745571518082 0.7146333207658304 0.22345578348425618 0.17526240371680324 0.1364037241567674 0.19077735873517274 0.87348903358167 0 0.2578422612761977 0.3231689504347951 0.24934167318782924 0.16713378810258261 2.6865684624665103 0.18010294539017152 0.27312095381619794 0.1564294632472272 0.30684564864089564 0.4676574873781356 0.15825637790011154
1.0320841179705924 0.1545694565172264 0.9789450103725609 0.1374726505437424 0.328384406331134 0.2343943400556173 0.2755101661483821 1.1653922100309113 0.2578422612761977 0 0.13345953623270168 0.08160138752509352 0.1829534767323246 3.2736425054932754 0.20477302183149557 0.49544035707835893 0.161435364288817 0.11603207555245149 0.7042217295449631 0.29627762784677414
1.121913195286955 0.1847363830882698 1.0802667654727605 0.15904855449750882 0.4023060924985597 0.28527611833126865 0.31078186216968734 1.256297269074015 0.3231689504347951 0.13345953623270168 0 0.13374533380027218 0.23592101708079663 3.4588708965192496 0.26904936314478134 0.5582711408148076 0.2051862962572499 0.10352634133051498 0.7872218936609644 0.36084781237387964
0.9898170303583046 0.1392151613421629 0.9521872187429662 0.11613574627722187 0.3202416116640289 0.21326110080593302 0.2648789758011839 1.1307019932926332 0.24934167318782924 0.08160138752509352 0.13374533380027218 0 0.16696033595778972 3.155795074650997 0.18220068184791588 0.47150775828645924 0.12716635538389473 0.12199024117104386 0.669657908274422 0.27246050887236795
0.825233194102537 0.10320288312976762 0.7870877278766955 0.14224509337465846 0.22092126701901046 0.19969362351163952 0.13419153939356773 0.9445602144975438 0.16713378810258261 0.1829534767323246 0.23592101708079663 0.16696033595778972 0 2.7764286682233745 0.18833487550293612 0.33669143120817485 0.1295963193011518 0.22194408610087493 0.546752241061132 0.23201199757215746
1.1828883320929116 3.0774943645734014 1.294147920672019 3.1764532221431767 2.620846815090309 2.7164213173172422 2.661882777039437 1.224744871391589 2.6865684624665103 3.2736425054932754 3.4588708965192496 3.155795074650997 2.7764286682233745 0 2.976553110739439 2.0817641148951913 2.908465377870494 3.4418049484620923 1.6715304617347069 2.721677218503405
0.8961361367114908 0.21975291687468315 0.8396802540620953 0.23439878788512056 0.2556985808913094 0.14230495675234844 0.2719208523372475 1.0579861980771004 0.18010294539017152 0.20477302183149557 0.26904936314478134 0.18220068184791588 0.18833487550293612 2.976553110739439 0 0.38430576169588226 0.14142603155530134 0.253546276418555 0.5811627872829274 0.18938287769312112
0.47563766687519476 0.4055791794139482 0.47446519450994934 0.45048992937754806 0.23265574080820256 0.3160855617963999 0.3247336398839977 0.6023397553108102 0.27312095381619794 0.49544035707835893 0.5582711408148076 0.47150775828645924 0.33669143120817485 2.0817641148951913 0.38430576169588226 0 0.3720054012027144 0.543353077391575 0.258519567440294 0.2823335039693848
0.8702321309103733 0.1366439052293013 0.8361506523829577 0.14957517585272717 0.23795195699595562 0.1554085718672121 0.22141728903656 1.004248373761809 0.1564294632472272 0.161435364288817 0.2051862962572499 0.12716635538389473 0.1295963193011518 2.908465377870494 0.14142603155530134 0.3720054012027144 0 0.19776254398451354 0.5678688680610186 0.1935916091578527
1.0939836104277776 0.1920566506181055 1.0531887010470042 0.1596953826312349 0.38590132780059627 0.2806291592258113 0.2992383662789445 1.2313881734656398 0.30684564864089564 0.11603207555245149 0.10352634133051498 0.12199024117104386 0.22194408610087493 3.4418049484620923 0.253546276418555 0.543353077391575 0.19776254398451354 0 0.7640456481187443 0.3398149044615366
0.32576851110873695 0.6331859950853341 0.28871932520120946 0.672984960373678 0.4182885184483802 0.4792772081167485 0.49579561756892293 0.44504312182269495 0.4676574873781356 0.7042217295449631 0.7872218936609644 0.669657908274422 0.546752241061132 1.6715304617347069 0.5811627872829274 0.258519567440294 0.5678688680610186 0.7640456481187443 0 0.47662298352413085
0.7655612457571578 0.27371470008617654 0.7224121973563297 0.2939430634394687 0.1954735393571807 0.1390187300023556 0.24147543461646379 0.910315239422832 0.15825637790011154 0.29627762784677414 0.36084781237387964 0.27246050887236795 0.23201199757215746 2.721677218503405 0.18938287769312112 0.2823335039693848 0.1935916091578527 0.3398149044615366 0.47662298352413085 0
