0 0.6029773882735826 0.6518015569733291 0.633128850922232 0.4248966171652989 0.8302975005345611 0.7429020485159319 0.749447187954666 0.3180732125814321 0.3931068137707194 0.4138084800894974 0.1797731238766687 0.7573172464461019 0.7849774674021919 0.5315876880491779 0.7292852883865352 0.7224605559707382 0.1513513786491703 0.3962969619506085 0.4986668617957829
0.6029773882735826 0 0.05393962141710572 0.13458741566390903 0.19084657134227861 0.18725633517970777 0.11293848786315641 0.12762031896531165 0.29672121302810417 0.19422464901683897 0.1695582495781317 0.41926274578121053 0.1273071397963887 0.15096588248481377 0.06588078458684124 0.11798497593106737 0.18877186430696366 0.4505919309478301 1.1134827120346322 0.16641005886756874
0.6518015569733291 0.05393962141710572 0 0.1173267757320064 0.2041241452319315 0.14963756781552728 0.08122479038345394 0.07981207756659928 0.33195617564480656 0.23639065521276678 0.2120790212264707 0.45564782730606285 0.10084721125559298 0.11374408638657954 0.10107973914385379 0.07003838658215056 0.13713512316389054 0.4872443245213109 1.1760704751213287 0.18617087119171713
0.633128850922232 0.13458741566390903 0.1173267757320064 0 0.20835828193929468 0.18838117375468064 0.1768738817220884 0.15750405646058702 0.33077426072699445 0.2924776902870617 0.30306943172778095 0.4559797126371523 0.20046031329900957 0.1794326418752686 0.16121317344461186 0.14848170075800288 0.08958701440751901 0.5067351936998168 1.1530788430819783 0.13573757432403055
0.4248966171652989 0.19084657134227861 0.2041241452319315 0.20835828193929468 0 0.3543178312491844 0.2785430072655778 0.28673166917941373 0.13552054121591411 0.10527936095153946 0.12121325700253836 0.2516706629811349 0.29252866921444337 0.31660792375701174 0.12379689211803459 0.27053425734217273 0.2687288620522061 0.3040047106499554 0.8907652012052115 0.08143279274805704
0.8302975005345611 0.18725633517970777 0.14963756781552728 0.18838117375468064 0.3543178312491844 0 0.1127917191359604 0.07850456517999294 0.480173442533384 0.3792406076177703 0.3619904402925108 0.6203228069323139 0.09213166547046367 0.05384631979290793 0.24673188560991338 0.09351718179520722 0.13806237001477845 0.6542645748812073 1.4101901870444156 0.29430152329437004
0.7429020485159319 0.11293848786315641 0.08122479038345394 0.1768738817220884 0.2785430072655778 0.1127917191359604 0 0.06015963482945112 0.40213494139578704 0.30372145152527186 0.2864121911023821 0.5387480237611791 0.07001400420140048 0.06819943394704735 0.17261904761904762 0.06091449038731726 0.1292097509450753 0.5716911161570706 1.2976463518315644 0.2443233053783867
0.749447187954666 0.12762031896531165 0.07981207756659928 0.15750405646058702 0.28673166917941373 0.07850456517999294 0.06015963482945112 0 0.4097755995407859 0.3117028890829085 0.2945205308873342 0.5459208336840117 0.058968236959854745 0.05265328070348039 0.18131445497209575 0.029927513563105457 0.09649146459153483 0.5787705672009662 1.3037302802643502 0.22776239921549857
0.3180732125814321 0.29672121302810417 0.33195617564480656 0.33077426072699445 0.13552054121591411 0.480173442533384 0.40213494139578704 0.4097755995407859 0 0.12806794101385385 0.1749966243260705 0.14744195615489714 0.42336894279349324 0.4479477977675217 0.2345787158142091 0.40009880202694836 0.3998206973501903 0.1896456515340651 0.7661308776828738 0.19202320093935696
0.3931068137707194 0.19422464901683897 0.23639065521276678 0.2924776902870617 0.10527936095153946 0.3792406076177703 0.30372145152527186 0.3117028890829085 0.12806794101385385 0 0.04405671105314009 0.22271770159368698 0.3241693759652899 0.34798900200286526 0.1338624175241013 0.2954684201426394 0.3486940053245674 0.2520920866827581 0.8486684247915055 0.17403580533459642
0.4138084800894974 0.1695582495781317 0.2120790212264707 0.30306943172778095 0.12121325700253836 0.3619904402925108 0.2864121911023821 0.2945205308873342 0.1749966243260705 0.04405671105314009 0 0.2747418639149113 0.30032661958503204 0.32434113038193557 0.13210484783404447 0.2783349703706404 0.3576105032345583 0.27139876381914035 0.8755950357709131 0.18810798862519207
0.1797731238766687 0.41926274578121053 0.45564782730606285 0.4559797126371523 0.2516706629811349 0.6203228069323139 0.5387480237611791 0.5459208336840117 0.14744195615489714 0.22271770159368698 0.2747418639149113 0 0.5610836076867821 0.5867287669740014 0.3535533905932738 0.5276448530110863 0.5286993270998726 0.07145774380937868 0.6014065304058601 0.3204230643554552
0.7573172464461019 0.1273071397963887 0.10084721125559298 0.20046031329900957 0.29252866921444337 0.09213166547046367 0.07001400420140048 0.058968236959854745 0.42336894279349324 0.3241693759652899 0.30032661958503204 0.5610836076867821 0 0.052524070003918795 0.18670401120373464 0.059708143402653215 0.13678295972841983 0.5858407143247674 1.314822486092568 0.26404727854912763
0.7849774674021919 0.15096588248481377 0.11374408638657954 0.1794326418752686 0.31660792375701174 0.05384631979290793 0.06819943394704735 0.05265328070348039 0.4479477977675217 0.34798900200286526 0.32434113038193557 0.5867287669740014 0.052524070003918795 0 0.21028158800339597 0.053313949966044646 0.12336844624850342 0.6202797127301712 1.3503516624950336 0.2631853860040148
0.5315876880491779 0.06588078458684124 0.10107973914385379 0.16121317344461186 0.12379689211803459 0.24673188560991338 0.17261904761904762 0.18131445497209575 0.2345787158142091 0.1338624175241013 0.13210484783404447 0.3535533905932738 0.18670401120373464 0.21028158800339597 0 0.165822779387697 0.2170723815877265 0.3840147396408606 1.0206207261596576 0.10232343558582006
0.7292852883865352 0.11798497593106737 0.07003838658215056 0.14848170075800288 0.27053425734217273 0.09351718179520722 0.06091449038731726 0.029927513563105457 0.40009880202694836 0.2954684201426394 0.2783349703706404 0.5276448530110863 0.059708143402653215 0.053313949966044646 0.165822779387697 0 0.08741775370487434 0.5601783308279374 1.2765694770084508 0.21815429766864003
0.7224605559707382 0.18877186430696366 0.13713512316389054 0.08958701440751901 0.2687288620522061 0.13806237001477845 0.1292097509450753 0.09649146459153483 0.3998206973501903 0.3486940053245674 0.3576105032345583 0.5286993270998726 0.13678295972841983 0.12336844624850342 0.2170723815877265 0.08741775370487434 0 0.5791256432115508 1.270211811224891 0.20942358034575012
0.1513513786491703 0.4505919309478301 0.4872443245213109 0.5067351936998168 0.3040047106499554 0.6542645748812073 0.5716911161570706 0.5787705672009662 0.1896456515340651 0.2520920866827581 0.27139876381914035 0.07145774380937868 0.5858407143247674 0.6202797127301712 0.3840147396408606 0.5601783308279374 0.5791256432115508 0 0.5693348372115877 0.3722561760850774
0.3962969619506085 1.1134827120346322 1.1760704751213287 1.1530788430819783 0.8907652012052115 1.4101901870444156 1.2976463518315644 1.3037302802643502 0.7661308776828738 0.8486684247915055 0.8755950357709131 0.6014065304058601 1.314822486092568 1.3503516624950336 1.0206207261596576 1.2765694770084508 1.270211811224891 0.5693348372115877 0 0.9846579518042202
0.4986668617957829 0.16641005886756874 0.18617087119171713 0.13573757432403055 0.08143279274805704 0.29430152329437004 0.2443233053783867 0.22776239921549857 0.19202320093935696 0.17403580533459642 0.18810798862519207 0.3204230643554552 0.26404727854912763 0.2631853860040148 0.10232343558582006 0.21815429766864003 0.20942358034575012 0.3722561760850774 0.9846579518042202 0
