0 1.1386696744231755 0.8193821290142089 0.48651277256732783 0.8749397040954421 0.7401480444148052 0.7520710469952335 0.8892972917998876 0.3265446625066599 0.2628796132394267 0.7867540054213186 0.5500190982169267 0.39417108466980405 0.727606875108999 0.7557318174402419 0.40802167468705436 0.2278909546875542 0.2835788724805662 0.6420707920165691 0.6539126929145443
1.1386696744231755 0 2.6221324725695503 1.8583253256287005 2.7329251120456615 2.449619920539111 2.4812114493549835 2.7670161909217383 1.4615867935419298 1.444607297469606 2.5436333113354235 0.6943650748294136 1.5850010286651441 2.4239742246291867 2.501196522177574 1.717007049358613 1.4384911389218764 1.3922252473075276 2.23606797749979 2.2276052780340763
0.8193821290142089 2.6221324725695503 0 0.30308040310554496 0.0964244752236731 0.08748177652797065 0.10719598013752579 0.11785113019775792 0.5048660428092347 0.5410017808004594 0.08858025448687275 1.5144803708370715 0.47528489634030135 0.13258252147247768 0.15879768911344364 0.396525792859072 0.5853140973807077 0.5664887616820379 0.17213259316477408 0.1462633203949606
0.48651277256732783 1.8583253256287005 0.30308040310554496 0 0.35005480324794075 0.2418077903017173 0.2551863341169842 0.3657560887990327 0.18886423322335785 0.22627451217203284 0.2868948706681754 1.010900528767661 0.2043353446109627 0.26360155618524034 0.29887778397442266 0.12114063071860517 0.2899725574672267 0.280646230351323 0.15494494670022804 0.17829649164382363
0.8749397040954421 2.7329251120456615 0.0964244752236731 0.35005480324794075 0 0.11502796900014838 0.11993543675794122 0.08264533370062242 0.553071773285313 0.5904221540627488 0.12358327737572337 1.5884014499403776 0.5171163748325623 0.17200560076442042 0.18322180662487578 0.43796215705681396 0.6364943378023897 0.6160229026651648 0.2138852214782615 0.17666784388266435
0.7401480444148052 2.449619920539111 0.08748177652797065 0.2418077903017173 0.11502796900014838 0 0.0818416998902209 0.1420464948006222 0.43914197885977774 0.4732779688921995 0.08809569126353979 1.4028292943742366 0.40213494139578704 0.10309826235529032 0.14586499149789456 0.33995005182504245 0.5231143743471868 0.5062895554167107 0.1355261854357877 0.09000884559456229
0.7520710469952335 2.4812114493549835 0.10719598013752579 0.2551863341169842 0.11993543675794122 0.0818416998902209 0 0.12403473458920847 0.44785734651046405 0.4823981161489336 0.10304150359259072 1.422048600513436 0.41063075173419267 0.14470719035407653 0.16712974402124434 0.3408206039593445 0.5327786443290345 0.5156429954911549 0.1302118589266285 0.07962294915488702
0.8892972917998876 2.7670161909217383 0.11785113019775792 0.3657560887990327 0.08264533370062242 0.1420464948006222 0.12403473458920847 0 0.5643908343672742 0.6021557845598196 0.1450510915570265 1.6098486813355974 0.5283601329875426 0.19907407407407407 0.21053798026662973 0.4548485249857692 0.6487841867068901 0.6279174757129098 0.2282177322938192 0.18069443017127435
0.3265446625066599 1.4615867935419298 0.5048660428092347 0.18886423322335785 0.553071773285313 0.43914197885977774 0.44785734651046405 0.5643908343672742 0 0.12876290187772485 0.47935706268217454 0.74019360329476 0.08840993474050704 0.45134267025455216 0.4793114034402332 0.18532097189619284 0.14786670074903235 0.10733317108221517 0.34358078061642033 0.36143244393978796
0.2628796132394267 1.444607297469606 0.5410017808004594 0.22627451217203284 0.5904221540627488 0.4732779688921995 0.4823981161489336 0.6021557845598196 0.12876290187772485 0 0.5145317571534648 0.7711403083390078 0.2187523670527894 0.46224311697092024 0.48324280836021033 0.15016481204905044 0.08986182904354194 0.1739432434146492 0.3754062839761483 0.3929150075559484
0.7867540054213186 2.5436333113354235 0.08858025448687275 0.2868948706681754 0.12358327737572337 0.08809569126353979 0.10304150359259072 0.1450510915570265 0.47935706268217454 0.5145317571534648 0 1.4653002597864382 0.45718951151427456 0.10878831866776989 0.14492031573349703 0.3726878998652854 0.5575609872796217 0.5396282690946477 0.1787574483821938 0.15744765551250342
0.5500190982169267 0.6943650748294136 1.5144803708370715 1.010900528767661 1.5884014499403776 1.4028292943742366 1.422048600513436 1.6098486813355974 0.74019360329476 0.7711403083390078 1.4653002597864382 0 0.8190283593479221 1.3858697343671664 1.4323657816782682 0.9113933923084894 0.7610194341477615 0.6874400625963308 1.2593696457997965 1.261680123761121
0.39417108466980405 1.5850010286651441 0.47528489634030135 0.2043353446109627 0.5171163748325623 0.40213494139578704 0.41063075173419267 0.5283601329875426 0.08840993474050704 0.2187523670527894 0.45718951151427456 0.8190283593479221 0 0.4589710648894951 0.4638280368127611 0.19240074734777823 0.2423930827818598 0.10556866999093233 0.3049634689455515 0.3245784505609728
0.727606875108999 2.4239742246291867 0.13258252147247768 0.26360155618524034 0.17200560076442042 0.10309826235529032 0.14470719035407653 0.19907407407407407 0.45134267025455216 0.46224311697092024 0.10878831866776989 1.3858697343671664 0.4589710648894951 0 0.11579588914664636 0.3364632924552266 0.5033670414105182 0.5277754645000751 0.16545785591301893 0.1444366662224331
0.7557318174402419 2.501196522177574 0.15879768911344364 0.29887778397442266 0.18322180662487578 0.14586499149789456 0.16712974402124434 0.21053798026662973 0.4793114034402332 0.48324280836021033 0.14492031573349703 1.4323657816782682 0.4638280368127611 0.11579588914664636 0 0.3541915101369188 0.525650285947543 0.5169494518743193 0.19603788170613806 0.17299572043614667
0.40802167468705436 1.717007049358613 0.396525792859072 0.12114063071860517 0.43796215705681396 0.33995005182504245 0.3408206039593445 0.4548485249857692 0.18532097189619284 0.15016481204905044 0.3726878998652854 0.9113933923084894 0.19240074734777823 0.3364632924552266 0.3541915101369188 0 0.21452840728414382 0.26226767329887773 0.26875411361485363 0.2663870432493169
0.2278909546875542 1.4384911389218764 0.5853140973807077 0.2899725574672267 0.6364943378023897 0.5231143743471868 0.5327786443290345 0.6487841867068901 0.14786670074903235 0.08986182904354194 0.5575609872796217 0.7610194341477615 0.2423930827818598 0.5033670414105182 0.525650285947543 0.21452840728414382 0 0.18310433660664652 0.42274840770393945 0.4480761104680775
0.2835788724805662 1.3922252473075276 0.5664887616820379 0.280646230351323 0.6160229026651648 0.5062895554167107 0.5156429954911549 0.6279174757129098 0.10733317108221517 0.1739432434146492 0.5396282690946477 0.6874400625963308 0.10556866999093233 0.5277754645000751 0.5169494518743193 0.26226767329887773 0.18310433660664652 0 0.40025703766771126 0.4253250252499948
0.6420707920165691 2.23606797749979 0.17213259316477408 0.15494494670022804 0.2138852214782615 0.1355261854357877 0.1302118589266285 0.2282177322938192 0.34358078061642033 0.3754062839761483 0.1787574483821938 1.2593696457997965 0.3049634689455515 0.16545785591301893 0.19603788170613806 0.26875411361485363 0.42274840770393945 0.40025703766771126 0 0.09376144618769908
0.6539126929145443 2.2276052780340763 0.1462633203949606 0.17829649164382363 0.17666784388266435 0.09000884559456229 0.07962294915488702 0.18069443017127435 0.36143244393978796 0.3929150075559484 0.15744765551250342 1.261680123761121 0.3245784505609728 0.1444366662224331 0.17299572043614667 0.2663870432493169 0.4480761104680775 0.4253250252499948 0.09376144618769908 0
