0 0.4678846575314291 0.1596442237847135 0.2939053267367249 0.13806752608206982 0.31950705086620806 0.37801199236673 0.2434551998678696 0.1646875893487598 0.25351200182881833 0.11614479143381255 0.3271132339254423 0.2551893384121571 0.15682587749169172 0.23205403693738413 0.3612336422893876 0.2747283188104129 0.2173204472905661 0.4000886334510434 0.3371644802825103
0.4678846575314291 0 0.311671869052272 0.24239250908414395 0.3238753734934393 0.238726987298659 0.11875687387784924 0.2660088498888694 0.31941655798314517 0.2225262266400324 0.48031639594047776 0.16815204286493085 0.23023048351999043 0.379384117805903 0.4578308853554878 0.6964175230737532 0.2959169275030946 0.46022790569766314 0.08955162309434558 0.13027724919825578
0.1596442237847135 0.311671869052272 0 0.19347882617229237 0.0842709927985378 0.23293404509037297 0.25087883771522307 0.1551385813511284 0.06215086040692942 0.17536493321966945 0.1769968643425862 0.2284591341954105 0.2156416010549753 0.10439067529032812 0.3093524641284861 0.4305845762532608 0.20443237011144996 0.2384591910990414 0.2452353168761644 0.212008582313184
0.2939053267367249 0.24239250908414395 0.19347882617229237 0 0.1612873414507468 0.2240871446088112 0.13718864215006202 0.2588179767292452 0.2137004492320705 0.24208838010279987 0.30768896125255 0.18410563680638295 0.3445107424945747 0.1984355142533179 0.34948793391895777 0.4644345923767083 0.3046535145028301 0.26138173209064913 0.2092813035975063 0.1680190325937939
0.13806752608206982 0.3238753734934393 0.0842709927985378 0.1612873414507468 0 0.1926025626286127 0.23623728938710953 0.14014691944940263 0.07670578361316337 0.12448440881789541 0.214252082375551 0.19105213483578315 0.2423690215072318 0.11097758479157953 0.31433588483524894 0.38533955167475814 0.18058063794166745 0.17175053501307416 0.2712786287502786 0.20393331038592147
0.31950705086620806 0.238726987298659 0.23293404509037297 0.2240871446088112 0.1926025626286127 0 0.1669444251159821 0.08039984839659409 0.217258132795632 0.0716850482732654 0.397847464093316 0.09581353481105455 0.15749323743504143 0.279118435562282 0.22990401601250374 0.4428848530037001 0.10238855671144194 0.2746905126383162 0.17351742766498768 0.2049794547084814
0.37801199236673 0.11875687387784924 0.25087883771522307 0.13718864215006202 0.23623728938710953 0.1669444251159821 0 0.17819695022344847 0.24219665125078624 0.14107920855923678 0.42017076902948297 0.08246859244205232 0.2154275943127703 0.3190210416755116 0.37624674775556316 0.59025195118269 0.2368435780922944 0.36572236320296 0.09283566986689 0.07714429984813058
0.2434551998678696 0.2660088498888694 0.1551385813511284 0.2588179767292452 0.14014691944940263 0.08039984839659409 0.17819695022344847 0 0.1436048326104683 0.06554633848958916 0.31471889317492374 0.11318939963720191 0.12896094666753807 0.21057448964732514 0.2548076505730025 0.4536726858792996 0.0936205688260878 0.2578410749845858 0.20566824176839887 0.1778813012422236
0.1646875893487598 0.31941655798314517 0.06215086040692942 0.2137004492320705 0.07670578361316337 0.217258132795632 0.24219665125078624 0.1436048326104683 0 0.16431676725154984 0.18563819235690282 0.2164623749643675 0.19500004220049846 0.12669236525541994 0.2639823293463339 0.41949690538940204 0.20116755224176053 0.21509671280071652 0.2480221713034098 0.24005476470953485
0.25351200182881833 0.2225262266400324 0.17536493321966945 0.24208838010279987 0.12448440881789541 0.0716850482732654 0.14107920855923678 0.06554633848958916 0.16431676725154984 0 0.3328751429678414 0.09547073036746069 0.13584963741239026 0.22029290893357859 0.27370771695573143 0.4777713848092947 0.10457278366290183 0.2439568781561954 0.1687800259804791 0.15105699168978187
0.11614479143381255 0.48031639594047776 0.1769968643425862 0.30768896125255 0.214252082375551 0.397847464093316 0.42017076902948297 0.31471889317492374 0.18563819235690282 0.3328751429678414 0 0.3894205331622251 0.29769288933898275 0.11199496034017449 0.32518884331215653 0.3801024447438017 0.3695537679278342 0.2533447965338894 0.3950227567798332 0.35964340012840884
0.3271132339254423 0.16815204286493085 0.2284591341954105 0.18410563680638295 0.19105213483578315 0.09581353481105455 0.08246859244205232 0.11318939963720191 0.2164623749643675 0.09547073036746069 0.3894205331622251 0 0.1681792049401086 0.2875938755225307 0.31626792261914805 0.520344957075328 0.16410997626327747 0.3023965225042731 0.128597663976041 0.11705381539539837
0.2551893384121571 0.23023048351999043 0.2156416010549753 0.3445107424945747 0.2423690215072318 0.15749323743504143 0.2154275943127703 0.12896094666753807 0.19500004220049846 0.13584963741239026 0.29769288933898275 0.1681792049401086 0 0.3006860569531745 0.2926705308146905 0.5740485210800835 0.183162875376451 0.38339839536724457 0.176159565354856 0.19045994539779795
0.15682587749169172 0.379384117805903 0.10439067529032812 0.1984355142533179 0.11097758479157953 0.279118435562282 0.3190210416755116 0.21057448964732514 0.12669236525541994 0.22029290893357859 0.11199496034017449 0.2875938755225307 0.3006860569531745 0 0.34063889129235675 0.34165964032143725 0.24188474843801572 0.19956621914097666 0.29756169998308646 0.2632849785365387
0.23205403693738413 0.4578308853554878 0.3093524641284861 0.34948793391895777 0.31433588483524894 0.22990401601250374 0.37624674775556316 0.2548076505730025 0.2639823293463339 0.27370771695573143 0.32518884331215653 0.31626792261914805 0.2926705308146905 0.34063889129235675 0 0.3281178377430311 0.19122055206160588 0.25650557620817843 0.37807071355222027 0.412062113839143
0.3612336422893876 0.6964175230737532 0.4305845762532608 0.4644345923767083 0.38533955167475814 0.4428848530037001 0.59025195118269 0.4536726858792996 0.41949690538940204 0.4777713848092947 0.3801024447438017 0.520344957075328 0.5740485210800835 0.34165964032143725 0.3281178377430311 0 0.42194582815089704 0.2552027626890242 0.6085028767466645 0.5866149373959081
0.2747283188104129 0.2959169275030946 0.20443237011144996 0.3046535145028301 0.18058063794166745 0.10238855671144194 0.2368435780922944 0.0936205688260878 0.20116755224176053 0.10457278366290183 0.3695537679278342 0.16410997626327747 0.183162875376451 0.24188474843801572 0.19122055206160588 0.42194582815089704 0 0.2358386808759806 0.23372069269111634 0.25070284960796546
0.2173204472905661 0.46022790569766314 0.2384591910990414 0.26138173209064913 0.17175053501307416 0.2746905126383162 0.36572236320296 0.2578410749845858 0.21509671280071652 0.2439568781561954 0.2533447965338894 0.3023965225042731 0.38339839536724457 0.19956621914097666 0.25650557620817843 0.2552027626890242 0.2358386808759806 0 0.39864599048023225 0.34825894782534017
0.4000886334510434 0.08955162309434558 0.2452353168761644 0.2092813035975063 0.2712786287502786 0.17351742766498768 0.09283566986689 0.20566824176839887 0.2480221713034098 0.1687800259804791 0.3950227567798332 0.128597663976041 0.176159565354856 0.29756169998308646 0.37807071355222027 0.6085028767466645 0.23372069269111634 0.39864599048023225 0 0.08644439279687136
0.3371644802825103 0.13027724919825578 0.212008582313184 0.1680190325937939 0.20393331038592147 0.2049794547084814 0.07714429984813058 0.1778813012422236 0.24005476470953485 0.15105699168978187 0.35964340012840884 0.11705381539539837 0.19045994539779795 0.2632849785365387 0.412062113839143 0.5866149373959081 0.25070284960796546 0.34825894782534017 0.08644439279687136 0
