0 0.38461538461538464 0.33808909342176646 0.8753091481365445 0.631929768778593 0.2028281058096464 0.554700196225229 0.5680351338323538 0.6242697309189454 0.5624015883323095 0.8995741799463075 0.8267263119375029 0.4976079784011152 0.24989193861608824 0.2297114594368833 0.4692178051502538 0.4120209620996838 0.23204774044612855 0.30697030675746023 0.7536319825011036
0.38461538461538464 0 0.16659462574405887 0.4084776024637208 0.2033796956988575 0.17682450250071735 0.215716742976478 0.17419744104192184 0.20091439615782156 0.17996850826633903 0.4283686571172893 0.369452784089287 0.17376786547340528 0.13719557414216613 0.20418796394389627 0.14299971204579165 0.017167540087486825 0.23204774044612858 0.5262348115842175 0.3285062487825323
0.33808909342176646 0.16659462574405887 0 0.5553237251991074 0.34145332498700354 0.11925907898023909 0.3886658893356653 0.3126182756341398 0.3373143438439592 0.2837246981088749 0.5762846119990815 0.5138764981119117 0.35319074931931677 0.0898876404494382 0.19899721199284748 0.13321602175871536 0.1869948315550021 0.13936337712191477 0.38548087581354473 0.49481879711330223
0.8753091481365445 0.4084776024637208 0.5553237251991074 0 0.23803831609464096 0.6178297918700789 0.2840374813940114 0.28440203168887546 0.21555682182639216 0.2918207712788807 0.02729672431666034 0.05789128830752663 0.3181668053587952 0.5553237251991074 0.5994523461823333 0.475954955701714 0.4043740105785459 0.6789794477708159 1.057886338873934 0.15392089267601577
0.631929768778593 0.2033796956988575 0.34145332498700354 0.23803831609464096 0 0.39777864208786506 0.130945700219731 0.1094203954242152 0.07317617332646023 0.11470786693528087 0.2572573055724167 0.18529642184483178 0.16781169259171583 0.34978145486473533 0.3817580846165926 0.28862516918819114 0.19695964928958382 0.4507489358552088 0.7950463919999252 0.19159180408750143
0.2028281058096464 0.17682450250071735 0.11925907898023909 0.6178297918700789 0.39777864208786506 0 0.37502930030867465 0.34103193107649415 0.3929569045963056 0.3376497126427054 0.6394750963713276 0.5749142807083837 0.33642961231621876 0.059629539490119544 0.11182065648084591 0.23928597598597554 0.19847739932929906 0.08068423483216583 0.3735732351565305 0.5095258249608914
0.554700196225229 0.215716742976478 0.3886658893356653 0.2840374813940114 0.130945700219731 0.37502930030867465 0 0.10240399006488006 0.1487621840937138 0.16222142113076254 0.30890103160760773 0.2402113200961534 0.04983753003347772 0.317999364001908 0.3128893238787319 0.3303016337572684 0.20890725544918337 0.4482107285003976 0.7905694150420948 0.18579547047776473
0.5680351338323538 0.17419744104192184 0.3126182756341398 0.28440203168887546 0.1094203954242152 0.34103193107649415 0.10240399006488006 0 0.11445251144152715 0.11296242142494026 0.2986126707415717 0.2307795705542669 0.11898590100604668 0.28656675266462817 0.32568851229172213 0.27719348669484967 0.15973392595252983 0.3916677716337269 0.7253788642111757 0.1997750738854997
0.6242697309189454 0.20091439615782156 0.3373143438439592 0.21555682182639216 0.07317617332646023 0.3929569045963056 0.1487621840937138 0.11445251144152715 0 0.09443118096860231 0.23495862411200383 0.17796559044718524 0.17240863774630477 0.3373143438439592 0.3771305428771969 0.27011989230922306 0.19457217136890098 0.4452851104675866 0.7854091098781056 0.18926939336178894
0.5624015883323095 0.17996850826633903 0.2837246981088749 0.2918207712788807 0.11470786693528087 0.3376497126427054 0.16222142113076254 0.11296242142494026 0.09443118096860231 0 0.3156952953177118 0.2550594876067277 0.19403315874426758 0.31811557060692036 0.39411590014501025 0.19603170888993926 0.18074256993863339 0.39747795134385916 0.7181848464596079 0.25430629438598873
0.8995741799463075 0.4283686571172893 0.5762846119990815 0.02729672431666034 0.2572573055724167 0.6394750963713276 0.30890103160760773 0.2986126707415717 0.23495862411200383 0.3156952953177118 0 0.07689976183903714 0.3378073111431256 0.5762846119990815 0.6208459043427101 0.495718991939811 0.4187388151515888 0.701493965817609 1.084282222915832 0.1592639446836215
0.8267263119375029 0.369452784089287 0.5138764981119117 0.05789128830752663 0.18529642184483178 0.5749142807083837 0.2402113200961534 0.2307795705542669 0.17796559044718524 0.2550594876067277 0.07689976183903714 0 0.2798541556287283 0.5138764981119117 0.5570649558321051 0.43066448942391816 0.3588765295681997 0.634246440197925 1.004763333438863 0.12324014296838627
0.4976079784011152 0.17376786547340528 0.35319074931931677 0.3181668053587952 0.16781169259171583 0.33642961231621876 0.04983753003347772 0.11898590100604668 0.17240863774630477 0.19403315874426758 0.3378073111431256 0.2798541556287283 0 0.28074136484355944 0.2641744558751013 0.30559732729183997 0.16658274588256125 0.41867261319386756 0.7429719370676614 0.214293307011885
0.24989193861608824 0.13719557414216613 0.0898876404494382 0.5553237251991074 0.34978145486473533 0.059629539490119544 0.317999364001908 0.28656675266462817 0.3373143438439592 0.31811557060692036 0.5762846119990815 0.5138764981119117 0.28074136484355944 0 0.10535146517268396 0.204947725782639 0.15746933183579123 0.13936337712191477 0.4190009519712443 0.4505066660285289
0.2297114594368833 0.20418796394389627 0.19899721199284748 0.5994523461823333 0.3817580846165926 0.11182065648084591 0.3128893238787319 0.32568851229172213 0.3771305428771969 0.39411590014501025 0.6208459043427101 0.5570649558321051 0.2641744558751013 0.10535146517268396 0 0.30959873881290023 0.22557281537864204 0.19798637900567048 0.5063619644329442 0.49242425622368774
0.4692178051502538 0.14299971204579165 0.13321602175871536 0.475954955701714 0.28862516918819114 0.23928597598597554 0.3303016337572684 0.27719348669484967 0.27011989230922306 0.19603170888993926 0.495718991939811 0.43066448942391816 0.30559732729183997 0.204947725782639 0.30959873881290023 0 0.15259069037221576 0.2542036440668698 0.504419718425488 0.4310766259446276
0.4120209620996838 0.017167540087486825 0.1869948315550021 0.4043740105785459 0.19695964928958382 0.19847739932929906 0.20890725544918337 0.15973392595252983 0.19457217136890098 0.18074256993863339 0.4187388151515888 0.3588765295681997 0.16658274588256125 0.15746933183579123 0.22557281537864204 0.15259069037221576 0 0.2441432188901614 0.5578592085389683 0.32345018176999657
0.23204774044612855 0.23204774044612858 0.13936337712191477 0.6789794477708159 0.4507489358552088 0.08068423483216583 0.4482107285003976 0.3916677716337269 0.4452851104675866 0.39747795134385916 0.701493965817609 0.634246440197925 0.41867261319386756 0.13936337712191477 0.19798637900567048 0.2542036440668698 0.2441432188901614 0 0.30237157840738177 0.5746011099068999
0.30697030675746023 0.5262348115842175 0.38548087581354473 1.057886338873934 0.7950463919999252 0.3735732351565305 0.7905694150420948 0.7253788642111757 0.7854091098781056 0.7181848464596079 1.084282222915832 1.004763333438863 0.7429719370676614 0.4190009519712443 0.5063619644329442 0.504419718425488 0.5578592085389683 0.30237157840738177 0 0.9253705634023867
0.7536319825011036 0.3285062487825323 0.49481879711330223 0.15392089267601577 0.19159180408750143 0.5095258249608914 0.18579547047776473 0.1997750738854997 0.18926939336178894 0.25430629438598873 0.1592639446836215 0.12324014296838627 0.214293307011885 0.4505066660285289 0.49242425622368774 0.4310766259446276 0.32345018176999657 0.5746011099068999 0.9253705634023867 0
