0 0.37543413846764 0.27403162834485606 0.37945916734935026 0.3727085961195087 0.28644550614572833 0.22081488572832622 0.34249353013132694 0.2403772074240785 0.3011572847497016 0.3469293346908765 0.14959151840135315 0.3254397411888531 0.4229747501529148 0.2544229377290089 0.23330901181671648 0.32841560012586063 0.21637872963815977 0.329408487423859 0.22311954272477036
0.37543413846764 0 0.12612793854152196 0.0901885576016712 0.20882230277203856 0.19249278165602932 0.27001173166052783 0.1927588215951537 0.15272367808333495 0.10182714256770949 0.15928903294074534 0.32374016171567643 0.130334634398066 0.11553981085844142 0.14850159144193548 0.17513818597666583 0.1389434117337367 0.30143356623136236 0.16802730701975827 0.42002672423013
0.27403162834485606 0.12612793854152196 0 0.15654497473226042 0.23172512864366338 0.20755923396465975 0.243121591201004 0.23786831090612584 0.14546503129469587 0.13788482490424864 0.20425111632135215 0.224179415327122 0.21675884563985057 0.18918180098963527 0.09712490515150612 0.0738963744530364 0.15770372957303047 0.2551612557501357 0.18347224430767503 0.31490863617767
0.37945916734935026 0.0901885576016712 0.15654497473226042 0 0.17111039815260415 0.23256777143854515 0.2776504060429661 0.168437846153641 0.18553369353372945 0.1203718803473991 0.1383193796176819 0.3304320345222206 0.16737438393363283 0.06361413996171737 0.1681077916527536 0.1874461631965131 0.198717494384605 0.3134150859544502 0.13667266164044595 0.42172158082968125
0.3727085961195087 0.20882230277203856 0.23172512864366338 0.17111039815260415 0 0.3137893595570796 0.3764683545404015 0.16092251970333504 0.2879991720035707 0.249096834111935 0.1198728554188798 0.399061485146698 0.23822854718199207 0.18913157431271496 0.20228108368458866 0.24007209326232037 0.32105210120350836 0.3834905795692027 0.07896383116534407 0.516313048792013
0.28644550614572833 0.19249278165602932 0.20755923396465975 0.23256777143854515 0.3137893595570796 0 0.14866789503773017 0.19842705713366007 0.14704193407876137 0.1264740406738255 0.20646528526016134 0.3917109067923752 0.14928278492631056 0.22154997748331232 0.2733057130506443 0.2351586154960715 0.1036186482823356 0.17502210473763055 0.2573273614975356 0.3397823153866825
0.22081488572832622 0.27001173166052783 0.243121591201004 0.2776504060429661 0.3764683545404015 0.14866789503773017 0 0.29892826582327087 0.14210532268812318 0.18681246331940407 0.3056591540057625 0.3316311354188716 0.23325151225682922 0.3090169081674427 0.3220513766190194 0.2433639449827824 0.207089715821679 0.0923143013553859 0.3123457026188344 0.25886760123696717
0.34249353013132694 0.1927588215951537 0.23786831090612584 0.168437846153641 0.16092251970333504 0.19842705713366007 0.29892826582327087 0 0.20679146951556485 0.17469498392430435 0.08040302522073697 0.3966106403010388 0.12995907702860796 0.15784223660569 0.24551796220937044 0.2725761413054869 0.186653095978454 0.29726550759703085 0.12909944487358058 0.4596385597769217
0.2403772074240785 0.15272367808333495 0.14546503129469587 0.18553369353372945 0.2879991720035707 0.14704193407876137 0.14210532268812318 0.20679146951556485 0 0.11300695438937215 0.20544435884264609 0.24391775531985807 0.17406353079820244 0.19471228727366197 0.22964754772286736 0.16619784248431732 0.11361979648826741 0.16570107166467585 0.23132387834368126 0.2694885309750678
0.3011572847497016 0.10182714256770949 0.13788482490424864 0.1203718803473991 0.249096834111935 0.1264740406738255 0.18681246331940407 0.17469498392430435 0.11300695438937215 0 0.15557284238736485 0.27292396916934697 0.10035571131027973 0.13475637447290842 0.1960547939510623 0.1808266504690289 0.12835561436170584 0.2414168155531432 0.18885688300166528 0.34896813221753725
0.3469293346908765 0.15928903294074534 0.20425111632135215 0.1383193796176819 0.1198728554188798 0.20646528526016134 0.3056591540057625 0.08040302522073697 0.20544435884264609 0.15557284238736485 0 0.37352143113650055 0.1347602562737433 0.12650831959405126 0.1896356612657533 0.2453633125529882 0.21962156463635527 0.296119155277973 0.0778498944161523 0.44963535702236573
0.14959151840135315 0.32374016171567643 0.224179415327122 0.3304320345222206 0.399061485146698 0.3917109067923752 0.3316311354188716 0.3966106403010388 0.24391775531985807 0.27292396916934697 0.37352143113650055 0 0.3661629233219988 0.3629658439852055 0.24589655605369867 0.17420643631801908 0.3345996936073557 0.36115996248034227 0.3497945730884922 0.22096671939414814
0.3254397411888531 0.130334634398066 0.21675884563985057 0.16737438393363283 0.23822854718199207 0.14928278492631056 0.23325151225682922 0.12995907702860796 0.17406353079820244 0.10035571131027973 0.1347602562737433 0.3661629233219988 0 0.14425479173984973 0.26964565643059674 0.25424909243508437 0.14086680649182381 0.2876126707384171 0.19461248431797773 0.4140307191742396
0.4229747501529148 0.11553981085844142 0.18918180098963527 0.06361413996171737 0.18913157431271496 0.22154997748331232 0.3090169081674427 0.15784223660569 0.19471228727366197 0.13475637447290842 0.12650831959405126 0.3629658439852055 0.14425479173984973 0 0.19076774259774132 0.21310745740289483 0.17964476913790065 0.3442734338867583 0.1567488086415303 0.44999601733733746
0.2544229377290089 0.14850159144193548 0.09712490515150612 0.1681077916527536 0.20228108368458866 0.2733057130506443 0.3220513766190194 0.24551796220937044 0.22964754772286736 0.1960547939510623 0.1896356612657533 0.24589655605369867 0.26964565643059674 0.19076774259774132 0 0.10776544083770782 0.21216059150324107 0.3348988211225828 0.17157504841217283 0.3239199258358955
0.23330901181671648 0.17513818597666583 0.0738963744530364 0.1874461631965131 0.24007209326232037 0.2351586154960715 0.2433639449827824 0.2725761413054869 0.16619784248431732 0.1808266504690289 0.2453633125529882 0.17420643631801908 0.25424909243508437 0.21310745740289483 0.10776544083770782 0 0.19153127397569503 0.26499947000159 0.20478128976347346 0.2977824177268054
0.32841560012586063 0.1389434117337367 0.15770372957303047 0.198717494384605 0.32105210120350836 0.1036186482823356 0.207089715821679 0.186653095978454 0.11361979648826741 0.12835561436170584 0.21962156463635527 0.3345996936073557 0.14086680649182381 0.17964476913790065 0.21216059150324107 0.19153127397569503 0 0.23652906638931598 0.27351915009804706 0.35921442690993227
0.21637872963815977 0.30143356623136236 0.2551612557501357 0.3134150859544502 0.3834905795692027 0.17502210473763055 0.0923143013553859 0.29726550759703085 0.16570107166467585 0.2414168155531432 0.296119155277973 0.36115996248034227 0.2876126707384171 0.3442734338867583 0.3348988211225828 0.26499947000159 0.23652906638931598 0 0.33439291609172894 0.23780078752837863
0.329408487423859 0.16802730701975827 0.18347224430767503 0.13667266164044595 0.07896383116534407 0.2573273614975356 0.3123457026188344 0.12909944487358058 0.23132387834368126 0.18885688300166528 0.0778498944161523 0.3497945730884922 0.19461248431797773 0.1567488086415303 0.17157504841217283 0.20478128976347346 0.27351915009804706 0.33439291609172894 0 0.4564544839207128
0.22311954272477036 0.42002672423013 0.31490863617767 0.42172158082968125 0.516313048792013 0.3397823153866825 0.25886760123696717 0.4596385597769217 0.2694885309750678 0.34896813221753725 0.44963535702236573 0.22096671939414814 0.4140307191742396 0.44999601733733746 0.3239199258358955 0.2977824177268054 0.35921442690993227 0.23780078752837863 0.4564544839207128 0
