0 0.4132946002599543 0.25988957425571063 0.280056016805602 0.2810700093216208 0.2729400589562487 0.3390563654935715 0.18922374744853107 0.18123831538881072 0.16295265611740803 0.26919636324678337 0.361968499465091 0.4847917506256211 0.17476551841063892 0.30620064936195557 0.2813616463393441 0.2338963035586803 0.3821496207147886 0.33105717613154806 0.2696357182853907
0.4132946002599543 0 0.25385662930470143 0.2049662366430341 0.2141099155005466 0.4005279119421639 0.2128370457568075 0.3205014754928297 0.27286754804505065 0.34824245422223066 0.2674014142332428 0.12341969169182426 0.13357454185609302 0.2660458593439244 0.22349165571249371 0.166796654252833 0.25760736803141565 0.09315258836282159 0.33521915101756977 0.5372357105772371
0.25988957425571063 0.25385662930470143 0 0.15089291007086422 0.14793223054751967 0.2531646271432696 0.20604137155553853 0.16895051308425188 0.18693072990984613 0.22242198283524386 0.14670892492310997 0.2569767315276982 0.32163893500203916 0.15903062096807805 0.12301385521570944 0.12127710186763954 0.16893795684231977 0.22635045990128871 0.19865755797391657 0.31224035938802785
0.280056016805602 0.2049662366430341 0.15089291007086422 0 0.0751248226425348 0.22754162784025345 0.13672449870644882 0.18768442352560452 0.17719589601639266 0.19664623924988425 0.11539589831863796 0.22175006037033076 0.2564522659141382 0.16692367016036988 0.10615097195105586 0.14418760614803644 0.23575562895963137 0.2042179307389391 0.2189093638054588 0.35765411044502876
0.2810700093216208 0.2141099155005466 0.14793223054751967 0.0751248226425348 0 0.21130685627241338 0.13642743484355044 0.19306598614824483 0.18231392314274822 0.20763167406835914 0.08715208609729955 0.22703747134718616 0.26009006840652343 0.18752289237539818 0.10287199094090928 0.1533087091545217 0.2518179244627859 0.2196671947983773 0.20373105963060006 0.34977291923234954
0.2729400589562487 0.4005279119421639 0.2531646271432696 0.22754162784025345 0.21130685627241338 0 0.27161547181864854 0.15241859124836127 0.27372445072567947 0.18822673624669176 0.18318907892219896 0.4051874425482963 0.4198479110799136 0.3193451925132927 0.21790770118049116 0.30021283464517307 0.36237694809784005 0.3762234942784127 0.1708047544165097 0.196659557119045
0.3390563654935715 0.2128370457568075 0.20604137155553853 0.13672449870644882 0.13642743484355044 0.27161547181864854 0 0.24776520844878108 0.23975575527754184 0.2771564165769148 0.16606926371288594 0.20924070951781537 0.21018024362449733 0.22996980608254014 0.1438234930593239 0.1816722067387504 0.27238141121414494 0.17882921333846044 0.21345339307423655 0.4411147675850541
0.18922374744853107 0.3205014754928297 0.16895051308425188 0.18768442352560452 0.19306598614824483 0.15241859124836127 0.24776520844878108 0 0.19334451789356197 0.13104667705071793 0.17631860513739991 0.3204495609446752 0.4018827754412985 0.22903889042775805 0.20765337356928773 0.21280276714546215 0.30502641740004954 0.31061038120911266 0.2356603085476121 0.25891497851311845
0.18123831538881072 0.27286754804505065 0.18693072990984613 0.17719589601639266 0.18231392314274822 0.27372445072567947 0.23975575527754184 0.19334451789356197 0 0.16436668253253503 0.19339229992793147 0.2413237067816957 0.36400319510508855 0.09401709401709402 0.21982600255746468 0.18060201740804296 0.17529239786472167 0.2906368734183266 0.30571553353533654 0.3471839091780802
0.16295265611740803 0.34824245422223066 0.22242198283524386 0.19664623924988425 0.20763167406835914 0.18822673624669176 0.2771564165769148 0.13104667705071793 0.16436668253253503 0 0.19143169686954453 0.31703754025034686 0.4059624759507449 0.20919395958686277 0.23607850398417232 0.24357083412799047 0.2772709397851476 0.3384732264493751 0.26373915908933676 0.24898118671280095
0.26919636324678337 0.2674014142332428 0.14670892492310997 0.11539589831863796 0.08715208609729955 0.18318907892219896 0.16606926371288594 0.17631860513739991 0.19339229992793147 0.19143169686954453 0 0.2889617901816278 0.30800985647311324 0.21245914639969937 0.10758610333779292 0.19240090300369048 0.27133801917935113 0.27349220391172063 0.16662935351181962 0.3251566887620429
0.361968499465091 0.12341969169182426 0.2569767315276982 0.22175006037033076 0.22703747134718616 0.4051874425482963 0.20924070951781537 0.3204495609446752 0.2413237067816957 0.31703754025034686 0.2889617901816278 0 0.1823608853712072 0.2249230665149785 0.24103920065040305 0.16761833711804003 0.21737821440023947 0.12044723790479299 0.35714715550560777 0.5215025345266247
0.4847917506256211 0.13357454185609302 0.32163893500203916 0.2564522659141382 0.26009006840652343 0.4198479110799136 0.21018024362449733 0.4018827754412985 0.36400319510508855 0.4059624759507449 0.30800985647311324 0.1823608853712072 0 0.34308347124847427 0.2613375099440295 0.24059762841868337 0.32689296855372774 0.12434885068857796 0.360848778189881 0.5957061167128087
0.17476551841063892 0.2660458593439244 0.15903062096807805 0.16692367016036988 0.18752289237539818 0.3193451925132927 0.22996980608254014 0.22903889042775805 0.09401709401709402 0.20919395958686277 0.21245914639969937 0.2249230665149785 0.34308347124847427 0 0.1910392641273205 0.15738175802700885 0.1363385316725613 0.26775208023578123 0.2714296793070745 0.3507266021288769
0.30620064936195557 0.22349165571249371 0.12301385521570944 0.10615097195105586 0.10287199094090928 0.21790770118049116 0.1438234930593239 0.20765337356928773 0.21982600255746468 0.23607850398417232 0.10758610333779292 0.24103920065040305 0.2613375099440295 0.1910392641273205 0 0.13271483675008505 0.21213265021590952 0.22072076053004003 0.1627167684934563 0.3612130106150862
0.2813616463393441 0.166796654252833 0.12127710186763954 0.14418760614803644 0.1533087091545217 0.30021283464517307 0.1816722067387504 0.21280276714546215 0.18060201740804296 0.24357083412799047 0.19240090300369048 0.16761833711804003 0.24059762841868337 0.15738175802700885 0.13271483675008505 0 0.16126279404876018 0.1637215158260057 0.26132850008309677 0.39782023725142907
0.2338963035586803 0.25760736803141565 0.16893795684231977 0.23575562895963137 0.2518179244627859 0.36237694809784005 0.27238141121414494 0.30502641740004954 0.17529239786472167 0.2772709397851476 0.27133801917935113 0.21737821440023947 0.32689296855372774 0.1363385316725613 0.21213265021590952 0.16126279404876018 0 0.24808449351121506 0.2985706783683104 0.40826783837215375
0.3821496207147886 0.09315258836282159 0.22635045990128871 0.2042179307389391 0.2196671947983773 0.3762234942784127 0.17882921333846044 0.31061038120911266 0.2906368734183266 0.3384732264493751 0.27349220391172063 0.12044723790479299 0.12434885068857796 0.26775208023578123 0.22072076053004003 0.1637215158260057 0.24808449351121506 0 0.3327789437200745 0.5065328594514559
0.33105717613154806 0.33521915101756977 0.19865755797391657 0.2189093638054588 0.20373105963060006 0.1708047544165097 0.21345339307423655 0.2356603085476121 0.30571553353533654 0.26373915908933676 0.16662935351181962 0.35714715550560777 0.360848778189881 0.2714296793070745 0.1627167684934563 0.26132850008309677 0.2985706783683104 0.3327789437200745 0 0.3126489900186726
0.2696357182853907 0.5372357105772371 0.31224035938802785 0.35765411044502876 0.34977291923234954 0.196659557119045 0.4411147675850541 0.25891497851311845 0.3471839091780802 0.24898118671280095 0.3251566887620429 0.5215025345266247 0.5957061167128087 0.3507266021288769 0.3612130106150862 0.39782023725142907 0.40826783837215375 0.5065328594514559 0.3126489900186726 0
