0 0.5920141630322447 0.6566776637795061 0.26916687204956063 0.25274793921627237 0.7317856802352793 0.4538456150933693 0.4553005676527387 0.6480875577554953 0.224179415327122 0.6223978534489739 0.8431934637148036 0.8302975005345611 0.5394109498457441 0.6275175539719876 0.7813516860445434 0.6784323833161543 0.8267263119375029 0.7105686825100741 0.3535533905932738
0.5920141630322447 0 0.07724968688799835 0.3068974527617131 0.3136043704246248 0.14462310183424507 0.20123585110162412 0.1262730449849206 0.08342797655898933 0.38340579025361626 0.12846980586100407 0.21477827430392188 0.22886885410853172 0.0457995932266437 0.03031695312954162 0.1556353116436458 0.10548162696116146 0.22788446737788645 0.09699253622487317 1.038790902184621
0.6566776637795061 0.07724968688799835 0 0.36473434050102466 0.37069059905612156 0.07403988197326933 0.21182751698261543 0.200093398717523 0.01699723534122512 0.44264229733480115 0.09306258545769494 0.1555838072059554 0.15825496900295657 0.12441333578394431 0.05764861874843599 0.10715262003477616 0.039000997323968944 0.1526501024612532 0.08679260732054923 1.1203153464295035
0.26916687204956063 0.3068974527617131 0.36473434050102466 0 0.02312177356354548 0.4324639844641668 0.23527150517113837 0.18180361513787888 0.3576408488192953 0.07470873676376284 0.4088731751536853 0.5301092912407078 0.5179259180803271 0.25880481045371884 0.3390862429591603 0.4758107656258495 0.38366865336345707 0.5156982693982841 0.41245448421660735 0.655580148378611
0.25274793921627237 0.3136043704246248 0.37069059905612156 0.02312177356354548 0 0.43751473336813634 0.23391546214642794 0.19026920732298547 0.36366085340732024 0.07427813527082075 0.4065165378007894 0.5339888003125454 0.5219947120182648 0.2661859941228511 0.345354566896498 0.480346291738874 0.3894043150778351 0.5197495630661312 0.41781451089836674 0.6307757002967701
0.7317856802352793 0.14462310183424507 0.07403988197326933 0.4324639844641668 0.43751473336813634 0 0.2750426765763868 0.2747104189832727 0.06894635856980413 0.5118400121325042 0.11433662655791804 0.09102388347674582 0.08332797548246894 0.192159485504236 0.12411597710083427 0.07164497037085449 0.05215411992357574 0.08757899470051198 0.08124444637023875 1.2142841142539396
0.4538456150933693 0.20123585110162412 0.21182751698261543 0.23527150517113837 0.23391546214642794 0.2750426765763868 0 0.1290700377332529 0.2055759167575661 0.2939237734056277 0.1899384298038336 0.3587056351685655 0.3469199846151509 0.1655211777204736 0.23008949665421113 0.3147368718037151 0.22237479499833032 0.33947219616894403 0.29523593310833135 0.8736082383428198
0.4553005676527387 0.1262730449849206 0.200093398717523 0.18180361513787888 0.19026920732298547 0.2747104189832727 0.1290700377332529 0 0.21403844341910674 0.25615775978928 0.26779626218536834 0.3386500941555136 0.3561410088363889 0.08078196197306602 0.14972570257655368 0.2770933506781088 0.23679086624621073 0.3487959466736064 0.21773409582088799 0.8701246455819892
0.6480875577554953 0.08342797655898933 0.01699723534122512 0.3576408488192953 0.36366085340732024 0.06894635856980413 0.2055759167575661 0.21403844341910674 0 0.4351941398892446 0.07582785707473569 0.15602518059544185 0.14878492516090389 0.13100459623281177 0.06359337738364604 0.1074565997094379 0.027936884766729637 0.1481449870329357 0.09247875472646448 1.10871074247953
0.224179415327122 0.38340579025361626 0.44264229733480115 0.07470873676376284 0.07427813527082075 0.5118400121325042 0.2939237734056277 0.25615775978928 0.4351941398892446 0 0.4825084157374719 0.6124692233180823 0.6001923693540931 0.33447293779724757 0.4162389962038448 0.5565418791854305 0.46219733191178597 0.5976108848330647 0.49166666666666664 0.5661385170722979
0.6223978534489739 0.12846980586100407 0.09306258545769494 0.4088731751536853 0.4065165378007894 0.11433662655791804 0.1899384298038336 0.26779626218536834 0.07582785707473569 0.4825084157374719 0 0.1852015162830828 0.17310702453132815 0.17931778591511993 0.11276411211297227 0.17860384926034426 0.08603939134986201 0.17236247473841787 0.16753764435328886 1.0774904736775914
0.8431934637148036 0.21477827430392188 0.1555838072059554 0.5301092912407078 0.5339888003125454 0.09102388347674582 0.3587056351685655 0.3386500941555136 0.15602518059544185 0.6124692233180823 0.1852015162830828 0 0.038303421449880394 0.26231353592107 0.19348227972367046 0.07903940962894658 0.13904755396299698 0.04661393585151509 0.1493827373946542 1.357369708868201
0.8302975005345611 0.22886885410853172 0.15825496900295657 0.5179259180803271 0.5219947120182648 0.08332797548246894 0.3469199846151509 0.3561410088363889 0.14878492516090389 0.6001923693540931 0.17310702453132815 0.038303421449880394 0 0.27226234858230686 0.20185036575477108 0.08932934278296034 0.12680362351408495 0.034483078953990054 0.15669579263200217 1.3419634126405238
0.5394109498457441 0.0457995932266437 0.12441333578394431 0.25880481045371884 0.2661859941228511 0.192159485504236 0.1655211777204736 0.08078196197306602 0.13100459623281177 0.33447293779724757 0.17931778591511993 0.26231353592107 0.27226234858230686 0 0.07616936893463198 0.20225357457285711 0.15336557484780217 0.27109132230071575 0.14334554477024897 0.9738412097417932
0.6275175539719876 0.03031695312954162 0.05764861874843599 0.3390862429591603 0.345354566896498 0.12411597710083427 0.23008949665421113 0.14972570257655368 0.06359337738364604 0.4162389962038448 0.11276411211297227 0.19348227972367046 0.20185036575477108 0.07616936893463198 0 0.1249559423576809 0.09096196382177639 0.200982188114791 0.06642111641550714 1.0829823076731364
0.7813516860445434 0.1556353116436458 0.10715262003477616 0.4758107656258495 0.480346291738874 0.07164497037085449 0.3147368718037151 0.2770933506781088 0.1074565997094379 0.5565418791854305 0.17860384926034426 0.07903940962894658 0.08932934278296034 0.20225357457285711 0.1249559423576809 0 0.10567049305145203 0.08449787233642235 0.07348704390652692 1.2780701510021528
0.6784323833161543 0.10548162696116146 0.039000997323968944 0.38366865336345707 0.3894043150778351 0.05215411992357574 0.22237479499833032 0.23679086624621073 0.027936884766729637 0.46219733191178597 0.08603939134986201 0.13904755396299698 0.12680362351408495 0.15336557484780217 0.09096196382177639 0.10567049305145203 0 0.12625822905719736 0.09094160465856899 1.1484305141434212
0.8267263119375029 0.22788446737788645 0.1526501024612532 0.5156982693982841 0.5197495630661312 0.08757899470051198 0.33947219616894403 0.3487959466736064 0.1481449870329357 0.5976108848330647 0.17236247473841787 0.04661393585151509 0.034483078953990054 0.27109132230071575 0.200982188114791 0.08449787233642235 0.12625822905719736 0 0.15602182910989823 1.3361915002430933
0.7105686825100741 0.09699253622487317 0.08679260732054923 0.41245448421660735 0.41781451089836674 0.08124444637023875 0.29523593310833135 0.21773409582088799 0.09247875472646448 0.49166666666666664 0.16753764435328886 0.1493827373946542 0.15669579263200217 0.14334554477024897 0.06642111641550714 0.07348704390652692 0.09094160465856899 0.15602182910989823 0 1.1888908858518255
0.3535533905932738 1.038790902184621 1.1203153464295035 0.655580148378611 0.6307757002967701 1.2142841142539396 0.8736082383428198 0.8701246455819892 1.10871074247953 0.5661385170722979 1.0774904736775914 1.357369708868201 1.3419634126405238 0.9738412097417932 1.0829823076731364 1.2780701510021528 1.1484305141434212 1.3361915002430933 1.1888908858518255 0
