0 0.40735230137547696 0.480670319495552 0.2617823274443681 0.33806773635479 0.7340979797077576 0.7447303638428477 0.6281049052489451 0.2155958761165974 0.7496565817887128 0.31342429325190996 0.19215378456610457 0.2891574659831201 0.6309823899509797 0.5574120200382838 0.6349821581250326 0.6758235264192246 0.39788626334273136 0.5816679770443304 0.3675383350990133
0.40735230137547696 0 0.2706102953931892 0.4815246836712164 0.25733006962579447 0.3636419066973749 0.387462446911082 0.25991275844153006 0.22816152044065643 0.37760538983141234 0.4554401480989081 0.40144827099604535 0.16686117014907834 0.2664253293895888 0.17246975748176038 0.2153527608232662 0.31236645921814515 0.2634802248908911 0.23345063937091917 0.18752003377293344
0.480670319495552 0.2706102953931892 0 0.3283276282571992 0.5910805677940719 0.5407438542240431 0.5320369615206759 0.3497539878316057 0.43830889579014093 0.5634791130125354 0.283279605257416 0.40713868001198894 0.46853809910247324 0.46157715173179387 0.38316402729728144 0.42859730770726157 0.4679884744534899 0.5835514010554945 0.38677192448830533 0.17950765029847457
0.2617823274443681 0.4815246836712164 0.3283276282571992 0 0.3704924313915321 0.6400147335480371 0.6309237879016263 0.4913903291215657 0.3275523207028211 0.6637735210964695 0.0779350238878107 0.38521858935144976 0.2918223432663729 0.6023255885152448 0.5821595633628652 0.6525565779130715 0.5641905379076855 0.3772119902067301 0.47994710207896235 0.2947276824115119
0.33806773635479 0.25733006962579447 0.5910805677940719 0.3704924313915321 0 0.4232339826513999 0.45435526378181507 0.37303895197534154 0.22200767467364915 0.41141875848357495 0.3683363161446951 0.43517237963823024 0.12552515599238853 0.36904811933985104 0.3099899866312033 0.37641559881571574 0.36766520469222047 0.056163134978898945 0.2983508395664373 0.39667934625218043
0.7340979797077576 0.3636419066973749 0.5407438542240431 0.6400147335480371 0.4232339826513999 0 0.03682972858771119 0.17524978130909136 0.6011838610163702 0.04826826524989269 0.5657738130881735 0.7661301274916834 0.4300822677201226 0.09044340823362519 0.19092096872405617 0.14767592416948264 0.06500175484536798 0.378013029181993 0.1400828582229871 0.45240542636350495
0.7447303638428477 0.387462446911082 0.5320369615206759 0.6309237879016263 0.45435526378181507 0.03682972858771119 0 0.16746514458107006 0.6313761443326401 0.08474399021343308 0.5569746881147225 0.793793038717367 0.4558505823992974 0.10761111992712845 0.21009623768378788 0.17823654325603422 0.08187802200866826 0.4072651281300942 0.15880704510691535 0.4439972046386439
0.6281049052489451 0.25991275844153006 0.3497539878316057 0.4913903291215657 0.37303895197534154 0.17524978130909136 0.16746514458107006 0 0.5053207623424874 0.19549227885820517 0.41967221950509376 0.6451825258070112 0.34310765830291806 0.10378020574048898 0.18127382140790277 0.1791490278792741 0.10962723730812536 0.3359197001488783 0.11395760511525277 0.2922404094615717
0.2155958761165974 0.22816152044065643 0.43830889579014093 0.3275523207028211 0.22200767467364915 0.6011838610163702 0.6313761443326401 0.5053207623424874 0 0.6150321242933127 0.3581214857118801 0.19699175407541533 0.17693467368146207 0.49461726618990814 0.3755784778123112 0.437727408185935 0.5494966722846547 0.23445035713634793 0.4666797201978825 0.305365395442523
0.7496565817887128 0.37760538983141234 0.5634791130125354 0.6637735210964695 0.41141875848357495 0.04826826524989269 0.08474399021343308 0.19549227885820517 0.6150321242933127 0 0.5887552039748771 0.7913563790727834 0.4441799908404142 0.10521829025232675 0.20495590149030118 0.1684346963433692 0.08496107533789547 0.3495388717098218 0.16020938991455805 0.4743416490252569
0.31342429325190996 0.4554401480989081 0.283279605257416 0.0779350238878107 0.3683363161446951 0.5657738130881735 0.5569746881147225 0.41967221950509376 0.3581214857118801 0.5887552039748771 0 0.4320241897133914 0.3082364902781639 0.5278529964820565 0.5061302298822363 0.5738467421130513 0.49228365533324014 0.3735138738006163 0.4103489449679159 0.28062025014364295
0.19215378456610457 0.40144827099604535 0.40713868001198894 0.38521858935144976 0.43517237963823024 0.7661301274916834 0.793793038717367 0.6451825258070112 0.19699175407541533 0.7913563790727834 0.4320241897133914 0 0.3310610959858653 0.678822832995835 0.5932237473453119 0.6427097542105222 0.6858613770408548 0.44128942535727433 0.5971420094235076 0.34269748327154437
0.2891574659831201 0.16686117014907834 0.46853809910247324 0.2918223432663729 0.12552515599238853 0.4300822677201226 0.4558505823992974 0.34310765830291806 0.17693467368146207 0.4441799908404142 0.3082364902781639 0.3310610959858653 0 0.34362543394043177 0.30166011488406685 0.36481788264368886 0.37809541753370923 0.14025001037352186 0.29722969515795084 0.2763187794351024
0.6309823899509797 0.2664253293895888 0.46157715173179387 0.6023255885152448 0.36904811933985104 0.09044340823362519 0.10761111992712845 0.10378020574048898 0.49461726618990814 0.10521829025232675 0.5278529964820565 0.678822832995835 0.34362543394043177 0 0.10057523818729523 0.07834880179462693 0.06976862103181825 0.32516302703727984 0.10274309843331575 0.3757984890207871
0.5574120200382838 0.17246975748176038 0.38316402729728144 0.5821595633628652 0.3099899866312033 0.19092096872405617 0.21009623768378788 0.18127382140790277 0.3755784778123112 0.20495590149030118 0.5061302298822363 0.5932237473453119 0.30166011488406685 0.10057523818729523 0 0.06543009909861355 0.16123740381984564 0.2675506555117539 0.15084260587373957 0.30772438635326427
0.6349821581250326 0.2153527608232662 0.42859730770726157 0.6525565779130715 0.37641559881571574 0.14767592416948264 0.17823654325603422 0.1791490278792741 0.437727408185935 0.1684346963433692 0.5738467421130513 0.6427097542105222 0.36481788264368886 0.07834880179462693 0.06543009909861355 0 0.14979731156743412 0.3314021818655102 0.1756154948581295 0.3751089323175044
0.6758235264192246 0.31236645921814515 0.4679884744534899 0.5641905379076855 0.36766520469222047 0.06500175484536798 0.08187802200866826 0.10962723730812536 0.5494966722846547 0.08496107533789547 0.49228365533324014 0.6858613770408548 0.37809541753370923 0.06976862103181825 0.16123740381984564 0.14979731156743412 0 0.3239932249307273 0.08034771390987258 0.3820158821526057
0.39788626334273136 0.2634802248908911 0.5835514010554945 0.3772119902067301 0.056163134978898945 0.378013029181993 0.4072651281300942 0.3359197001488783 0.23445035713634793 0.3495388717098218 0.3735138738006163 0.44128942535727433 0.14025001037352186 0.32516302703727984 0.2675506555117539 0.3314021818655102 0.3239932249307273 0 0.25663263170485184 0.3978804734361926
0.5816679770443304 0.23345063937091917 0.38677192448830533 0.47994710207896235 0.2983508395664373 0.1400828582229871 0.15880704510691535 0.11395760511525277 0.4666797201978825 0.16020938991455805 0.4103489449679159 0.5971420094235076 0.29722969515795084 0.10274309843331575 0.15084260587373957 0.1756154948581295 0.08034771390987258 0.25663263170485184 0 0.3030712544936858
0.3675383350990133 0.18752003377293344 0.17950765029847457 0.2947276824115119 0.39667934625218043 0.45240542636350495 0.4439972046386439 0.2922404094615717 0.305365395442523 0.4743416490252569 0.28062025014364295 0.34269748327154437 0.2763187794351024 0.3757984890207871 0.30772438635326427 0.3751089323175044 0.3820158821526057 0.3978804734361926 0.3030712544936858 0
