0 0.3329918378041064 0.7554634683259357 0.43565606991230493 0.7615843247866148 0.7270853277530752 0.4871653247792406 0.5104506385017425 0.740957000839153 0.4201215494410491 0.41202096209968375 0.24384978357339046 0.7744400464023482 0.4945806177979686 0.5539764782188763 0.2711630722733202 0.532089693012857 0.6260634834603253 0.7232692296976007 0.3594533777407451
0.3329918378041064 0 0.4933009746050651 0.21379707978612678 0.48045183534308156 0.4506655229765521 0.2565195881295144 0.26066500887028987 0.47087520244825687 0.22410463148740395 0.21403140311808805 0.10705561375231828 0.46516640068238907 0.24029498173464808 0.30766071473986467 0.345127898718109 0.4127104912531217 0.3695928992478366 0.4525588529303389 0.26504873957194797
0.7554634683259357 0.4933009746050651 0 0.2897148269412636 0.04126853499786197 0.11164856536981158 0.2444473807669542 0.22006174502690604 0.04109136168969665 0.4111621292402813 0.38179486513464417 0.6128051290797957 0.10936237027221293 0.25149757053528193 0.16440363442950293 0.8261872065291008 0.29471664786244045 0.1258627906444544 0.05225920433388997 0.5093223040027832
0.43565606991230493 0.21379707978612678 0.2897148269412636 0 0.2983354719188599 0.25484655939056766 0.0505093803255173 0.1354827812412872 0.2714096566800124 0.2410119482235757 0.12343837824874884 0.3170196191909013 0.30573762465216336 0.054779120339792035 0.1387552207633987 0.5204737226821747 0.20541677516849835 0.21732773774485456 0.29524471580386863 0.2909229621834034
0.7615843247866148 0.48045183534308156 0.04126853499786197 0.2983354719188599 0 0.15586760312203934 0.2511043652337584 0.2013587057115763 0.03503412880147804 0.3935544541659773 0.3946487787617217 0.6017622880925696 0.15196250868219108 0.2586020328563064 0.1637247259438472 0.8142365248337091 0.27455762539982237 0.10359107972645458 0.04863783601462958 0.492551467395342
0.7270853277530752 0.4506655229765521 0.11164856536981158 0.25484655939056766 0.15586760312203934 0 0.21833759496830807 0.20108557949334394 0.12360446805221798 0.44944876126742533 0.32366179705050546 0.5619043366433571 0.05163149881307246 0.20337261251582756 0.14881502156681825 0.8259350580580692 0.3603364981234801 0.1655526528411027 0.14255105813280716 0.5637740078876814
0.4871653247792406 0.2565195881295144 0.2444473807669542 0.0505093803255173 0.2511043652337584 0.21833759496830807 0 0.11509604144773075 0.21903132921789695 0.22147761704977872 0.15286841292653067 0.36263385741998744 0.26323600240903466 0.047669035204380615 0.09500089542959349 0.5628373897059821 0.17112915125180722 0.1719268801222494 0.24867937874348423 0.3290581256329486
0.5104506385017425 0.26066500887028987 0.22006174502690604 0.1354827812412872 0.2013587057115763 0.20108557949334394 0.11509604144773075 0 0.20251263460667038 0.23515191732909543 0.24674089687313125 0.36538602505564116 0.24014366402692386 0.1441242078795165 0.053128086683924804 0.5756526794776136 0.24164477000381068 0.10908826189522648 0.18168374180407046 0.3421616842032181
0.740957000839153 0.47087520244825687 0.04109136168969665 0.2714096566800124 0.03503412880147804 0.12360446805221798 0.21903132921789695 0.20251263460667038 0 0.3841644524398651 0.36680593784864607 0.5908697081403239 0.1411872468532588 0.23328892211879074 0.15206779025202535 0.8001506307676689 0.2521073426633135 0.09727091974396429 0.0708274490042554 0.4819485244059282
0.4201215494410491 0.22410463148740395 0.4111621292402813 0.2410119482235757 0.3935544541659773 0.44944876126742533 0.22147761704977872 0.23515191732909543 0.3841644524398651 0 0.3940030577335438 0.27492500561619576 0.49160514400834665 0.25753608651527704 0.2927733084875691 0.38001234609743006 0.21147529161918702 0.27380469829431225 0.3664599534173839 0.11735258183498108
0.41202096209968375 0.21403140311808805 0.38179486513464417 0.12343837824874884 0.3946487787617217 0.32366179705050546 0.15286841292653067 0.24674089687313125 0.36680593784864607 0.3940030577335438 0 0.2465422194835956 0.3503131110850599 0.12607203415328996 0.23630926154934576 0.4957791102875702 0.3459666784176844 0.3184458601153556 0.3901329210104725 0.4387961953373138
0.24384978357339046 0.10705561375231828 0.6128051290797957 0.3170196191909013 0.6017622880925696 0.5619043366433571 0.36263385741998744 0.36538602505564116 0.5908697081403239 0.27492500561619576 0.2465422194835956 0 0.5827085710842913 0.3428034199548522 0.41409371144284024 0.23076502935041132 0.481342648897836 0.4835507375523605 0.5698546966206568 0.32297537856774294
0.7744400464023482 0.46516640068238907 0.10936237027221293 0.30573762465216336 0.15196250868219108 0.05163149881307246 0.26323600240903466 0.24014366402692386 0.1411872468532588 0.49160514400834665 0.3503131110850599 0.5827085710842913 0 0.25284247705314783 0.18791943024010105 0.8758517494840495 0.4012296605326939 0.20459777316540864 0.13913016912024537 0.6075935044733216
0.4945806177979686 0.24029498173464808 0.25149757053528193 0.054779120339792035 0.2586020328563064 0.20337261251582756 0.047669035204380615 0.1441242078795165 0.23328892211879074 0.25753608651527704 0.12607203415328996 0.3428034199548522 0.25284247705314783 0 0.10688551973546187 0.5816906015809182 0.22156041792001982 0.21299523961719735 0.25603135919384956 0.3470893241445355
0.5539764782188763 0.30766071473986467 0.16440363442950293 0.1387552207633987 0.1637247259438472 0.14881502156681825 0.09500089542959349 0.053128086683924804 0.15206779025202535 0.2927733084875691 0.23630926154934576 0.41409371144284024 0.18791943024010105 0.10688551973546187 0 0.6442337416619545 0.22230416257243402 0.12165985783850937 0.15488141091898927 0.40217221433284367
0.2711630722733202 0.345127898718109 0.8261872065291008 0.5204737226821747 0.8142365248337091 0.8259350580580692 0.5628373897059821 0.5756526794776136 0.8001506307676689 0.38001234609743006 0.4957791102875702 0.23076502935041132 0.8758517494840495 0.5816906015809182 0.6442337416619545 0 0.5725879546826488 0.6665092275980022 0.7728562246486128 0.32278596911631785
0.532089693012857 0.4127104912531217 0.29471664786244045 0.20541677516849835 0.27455762539982237 0.3603364981234801 0.17112915125180722 0.24164477000381068 0.2521073426633135 0.21147529161918702 0.3459666784176844 0.481342648897836 0.4012296605326939 0.22156041792001982 0.22230416257243402 0.5725879546826488 0 0.23447067076463587 0.3070432319243368 0.2428271927132856
0.6260634834603253 0.3695928992478366 0.1258627906444544 0.21732773774485456 0.10359107972645458 0.1655526528411027 0.1719268801222494 0.10908826189522648 0.09727091974396429 0.27380469829431225 0.3184458601153556 0.4835507375523605 0.20459777316540864 0.21299523961719735 0.12165985783850937 0.6665092275980022 0.23447067076463587 0 0.0858847756347843 0.38230691863342064
0.7232692296976007 0.4525588529303389 0.05225920433388997 0.29524471580386863 0.04863783601462958 0.14255105813280716 0.24867937874348423 0.18168374180407046 0.0708274490042554 0.3664599534173839 0.3901329210104725 0.5698546966206568 0.13913016912024537 0.25603135919384956 0.15488141091898927 0.7728562246486128 0.3070432319243368 0.0858847756347843 0 0.4617987406538879
0.3594533777407451 0.26504873957194797 0.5093223040027832 0.2909229621834034 0.492551467395342 0.5637740078876814 0.3290581256329486 0.3421616842032181 0.4819485244059282 0.11735258183498108 0.4387961953373138 0.32297537856774294 0.6075935044733216 0.3470893241445355 0.40217221433284367 0.32278596911631785 0.2428271927132856 0.38230691863342064 0.4617987406538879 0
