0 0.11465675314131253 0.5233020330136244 0.296428508044872 0.4484053525084968 0.5288423604904325 0.2625001312500984 0.5795298051269958 0.5066325849818525 0.6527502669956439 0.25952130770822623 0.7604331151201391 0.7290922286768261 0.3605795900955888 0.4138043173178453 0.55895568997566 0.3001654259844491 0.34340120536664837 0.43713676806210183 0.5472401879871651
0.11465675314131253 0 0.5599468028545886 0.3066411905972518 0.4850372669526752 0.5443790943357937 0.29952114893657694 0.604732179822085 0.5760133687380301 0.670743437113584 0.21871518249683236 0.7982756951224197 0.7488149355100596 0.33231125879350976 0.4123724396887416 0.5954986989874769 0.35238932169782766 0.3661614204966735 0.4601021935745786 0.5842216015175684
0.5233020330136244 0.5599468028545886 0 0.262561429104807 0.11310503551435602 0.3221427826453356 0.24670469302862066 0.22539472585754508 0.1717042257725353 0.2420301269085331 0.727478381312934 0.2563709069047063 0.2914566415995526 0.24424635916229168 0.3640977800940792 0.10936830403392805 0.26318583290954284 0.29746041958146446 0.13932327993729893 0.14397872856656044
0.296428508044872 0.3066411905972518 0.262561429104807 0 0.19296151617250246 0.22183245388545886 0.24090121689924793 0.27260049018543997 0.2568210038079267 0.34506792760824473 0.48759307040289573 0.4758403588168059 0.40458875258901483 0.0813555686503188 0.161469878683174 0.2963538994809495 0.23990566490259957 0.17647167816704337 0.15267606683560417 0.2827713959877105
0.4484053525084968 0.4850372669526752 0.11310503551435602 0.19296151617250246 0 0.2125148640145654 0.22082395760157808 0.1242563318457175 0.11374522813232128 0.19014782997370194 0.646152795704848 0.2753713563286057 0.2697546796257741 0.1500480829175529 0.2385912655799019 0.12338456900926759 0.24698297576710046 0.2267462937912591 0.10271763195131478 0.13560394445614818
0.5288423604904325 0.5443790943357937 0.3221427826453356 0.22183245388545886 0.2125148640145654 0 0.34404335836880895 0.14359299679211002 0.14642250174403526 0.20976998921901194 0.5895135782638894 0.38994914323240654 0.276151544935766 0.2582209640622361 0.16757254439415348 0.22570854313874295 0.30083999879664 0.21745909156899168 0.23353774128292235 0.21933727112091492
0.2625001312500984 0.29952114893657694 0.24670469302862066 0.24090121689924793 0.22082395760157808 0.34404335836880895 0 0.35033513152869344 0.2923457739054297 0.41633454541784726 0.44612424095883946 0.46748294776921906 0.5024359333049473 0.2644809346205336 0.400367768117608 0.3044548475315982 0.16844291576975232 0.2349999588826605 0.19138479822720342 0.32388019200745094
0.5795298051269958 0.604732179822085 0.22539472585754508 0.27260049018543997 0.1242563318457175 0.14359299679211002 0.35033513152869344 0 0.06698788668128036 0.08789889990207239 0.6777849572750863 0.2458630762725834 0.1693919231816892 0.24349338333030637 0.26564572579465767 0.10964984167792623 0.3252045198151664 0.2639329695375254 0.18295269602172531 0.13966459464365674
0.5066325849818525 0.5760133687380301 0.1717042257725353 0.2568210038079267 0.11374522813232128 0.14642250174403526 0.2923457739054297 0.06698788668128036 0 0.13654743152526627 0.6573812363543605 0.27809619242252187 0.217038260772458 0.231005965121163 0.24883247076909432 0.13945565399043622 0.25743175616580544 0.23810904838009148 0.12100193917792358 0.1842374644303086
0.6527502669956439 0.670743437113584 0.2420301269085331 0.34506792760824473 0.19014782997370194 0.20976998921901194 0.41633454541784726 0.08789889990207239 0.13654743152526627 0 0.7562956067493155 0.18449164761798853 0.09059631094156816 0.3070284893220415 0.3263108598538623 0.1334680185882081 0.394027669150533 0.3408804649032442 0.25228013231451984 0.1485760583399442
0.25952130770822623 0.21871518249683236 0.727478381312934 0.48759307040289573 0.646152795704848 0.5895135782638894 0.44612424095883946 0.6777849572750863 0.6573812363543605 0.7562956067493155 0 0.9900052149044627 0.8596303939684231 0.5456480269928784 0.4979466032338519 0.7657224414585404 0.4238260791966841 0.3935400654756274 0.5796177179092804 0.7673866283479439
0.7604331151201391 0.7982756951224197 0.2563709069047063 0.4758403588168059 0.2753713563286057 0.38994914323240654 0.46748294776921906 0.2458630762725834 0.27809619242252187 0.18449164761798853 0.9900052149044627 0 0.1494450877038664 0.42806685962957125 0.5255381889388966 0.16784835507445828 0.5107731294803421 0.5151253343262141 0.36009140273330154 0.19268603694698852
0.7290922286768261 0.7488149355100596 0.2914566415995526 0.40458875258901483 0.2697546796257741 0.276151544935766 0.5024359333049473 0.1693919231816892 0.217038260772458 0.09059631094156816 0.8596303939684231 0.1494450877038664 0 0.3712526530277614 0.3822563936120848 0.17896341017444745 0.4898986894247791 0.4355654068568641 0.33542571948493854 0.1622836481625558
0.3605795900955888 0.33231125879350976 0.24424635916229168 0.0813555686503188 0.1500480829175529 0.2582209640622361 0.2644809346205336 0.24349338333030637 0.231005965121163 0.3070284893220415 0.5456480269928784 0.42806685962957125 0.3712526530277614 0 0.1883399827016338 0.2522517934401338 0.29788052963280187 0.24008574835514068 0.19919201853977717 0.2305243951410212
0.4138043173178453 0.4123724396887416 0.3640977800940792 0.161469878683174 0.2385912655799019 0.16757254439415348 0.400367768117608 0.26564572579465767 0.24883247076909432 0.3263108598538623 0.4979466032338519 0.5255381889388966 0.3822563936120848 0.1883399827016338 0 0.34220221677605556 0.3386481059780782 0.17206052054210524 0.26230772904840716 0.3203385477442266
0.55895568997566 0.5954986989874769 0.10936830403392805 0.2963538994809495 0.12338456900926759 0.22570854313874295 0.3044548475315982 0.10964984167792623 0.13945565399043622 0.1334680185882081 0.7657224414585404 0.16784835507445828 0.17896341017444745 0.2522517934401338 0.34220221677605556 0 0.3609041106233829 0.3317032790005322 0.20898767952354505 0.03677696001536074
0.3001654259844491 0.35238932169782766 0.26318583290954284 0.23990566490259957 0.24698297576710046 0.30083999879664 0.16844291576975232 0.3252045198151664 0.25743175616580544 0.394027669150533 0.4238260791966841 0.5107731294803421 0.4898986894247791 0.29788052963280187 0.3386481059780782 0.3609041106233829 0 0.17194334002860773 0.15197637768058053 0.38219204565843595
0.34340120536664837 0.3661614204966735 0.29746041958146446 0.17647167816704337 0.2267462937912591 0.21745909156899168 0.2349999588826605 0.2639329695375254 0.23810904838009148 0.3408804649032442 0.3935400654756274 0.5151253343262141 0.4355654068568641 0.24008574835514068 0.17206052054210524 0.3317032790005322 0.17194334002860773 0 0.16564607707223772 0.35247564706115425
0.43713676806210183 0.4601021935745786 0.13932327993729893 0.15267606683560417 0.10271763195131478 0.23353774128292235 0.19138479822720342 0.18295269602172531 0.12100193917792358 0.25228013231451984 0.5796177179092804 0.36009140273330154 0.33542571948493854 0.19919201853977717 0.26230772904840716 0.20898767952354505 0.15197637768058053 0.16564607707223772 0 0.22446952819792101
0.5472401879871651 0.5842216015175684 0.14397872856656044 0.2827713959877105 0.13560394445614818 0.21933727112091492 0.32388019200745094 0.13966459464365674 0.1842374644303086 0.1485760583399442 0.7673866283479439 0.19268603694698852 0.1622836481625558 0.2305243951410212 0.3203385477442266 0.03677696001536074 0.38219204565843595 0.35247564706115425 0.22446952819792101 0
