0 0.8311569870494415 0.16671392788033934 0.6731536886192796 0.34288668878598405 0.622718216406487 0.8474062139671577 0.644405389585134 0.6506238887813051 0.5773942728686036 0.6266362677789841 0.4545324114471421 0.25633274474845685 0.7523405214147392 0.7133238748131661 0.8395237082545659 0.31993601919360226 0.7766629510191839 0.6407179816616578 0.4294365710745772
0.8311569870494415 0 0.8000033606596975 0.15421413148110757 0.4737040278315988 0.27055501658816095 0.033906964485234364 0.3069633208715256 0.23671927679661892 0.30884909734781907 0.19537511772910357 1.4936110110839254 0.6039741152661271 0.08690791973418811 0.11996278739998238 0.10144970153293265 0.5548644321327988 0.07811889719953762 0.18166458315162262 0.4304146314197278
0.16671392788033934 0.8000033606596975 0 0.6573125593387454 0.37101413765161706 0.6080639703729069 0.8161293214028652 0.6292407856349883 0.6219379373002659 0.5638066219695759 0.5981394863661085 0.5917813771642473 0.21025245450910923 0.709732999255747 0.6838731153151454 0.8197674418604651 0.4100342639318939 0.733315357949704 0.6668911514656611 0.3699977343417981
0.6731536886192796 0.15421413148110757 0.6573125593387454 0 0.35606981658898623 0.1340720519946287 0.16333153465605416 0.17623898540760727 0.10748115091585966 0.1890216037035626 0.08763574173134907 1.2913740971629908 0.4605428901791681 0.13801311186847084 0.05614899250748771 0.14499541750119385 0.4220225639660599 0.09378618992607292 0.14859973597924409 0.2961898129841987
0.34288668878598405 0.4737040278315988 0.37101413765161706 0.35606981658898623 0 0.3867096129813201 0.49840224056608307 0.4107083875650464 0.3434892022601862 0.29251218826177167 0.28892294572688854 0.8203349690673505 0.20258168595701584 0.4021363139825527 0.3695881960737216 0.4886527666631054 0.09876868343987423 0.40972197579524855 0.2996237955686251 0.20475833182402936
0.622718216406487 0.27055501658816095 0.6080639703729069 0.1340720519946287 0.3867096129813201 0 0.2836294150980682 0.06848117364683648 0.11281065704928503 0.15655607277128739 0.16236681994199886 1.2166396088062656 0.40533961419994047 0.2555511153351118 0.18870891544051194 0.21576463464845086 0.47758962666152643 0.22555354977384037 0.22422084658656985 0.24965776849116683
0.8474062139671577 0.033906964485234364 0.8161293214028652 0.16333153465605416 0.49840224056608307 0.2836294150980682 0 0.313294277064575 0.24446703437626838 0.32230251851921754 0.20441275719562266 1.5143126069055934 0.6099956431826772 0.10317251193584877 0.129627159999901 0.10484994754134032 0.5710143801472372 0.08859268356194984 0.20441275719562266 0.4528558003907845
0.644405389585134 0.3069633208715256 0.6292407856349883 0.17623898540760727 0.4107083875650464 0.06848117364683648 0.313294277064575 0 0.11673947138515438 0.12960671380166688 0.20802662911289876 1.2590110590015806 0.4311077863272534 0.28618680462087626 0.21738829402111262 0.2232789884511249 0.5055838968993416 0.25529089517194525 0.2400307258994986 0.24878389439920268
0.6506238887813051 0.23671927679661892 0.6219379373002659 0.10748115091585966 0.3434892022601862 0.11281065704928503 0.24446703437626838 0.11673947138515438 0 0.112089707663561 0.14234698509312796 1.2443992171986873 0.4261044317270128 0.21125388784163268 0.1493131933494921 0.16718761755383493 0.44356830063318076 0.18023431272764762 0.1977041459626777 0.24589655605369864
0.5773942728686036 0.30884909734781907 0.5638066219695759 0.1890216037035626 0.29251218826177167 0.15655607277128739 0.32230251851921754 0.12960671380166688 0.112089707663561 0 0.14815943949743846 1.1623695372713752 0.35959747611403814 0.26460137733747513 0.2160579424199875 0.26450187203510966 0.35648749393679063 0.2551275957047573 0.18931483935783802 0.19687480773953944
0.6266362677789841 0.19537511772910357 0.5981394863661085 0.08763574173134907 0.28892294572688854 0.16236681994199886 0.20441275719562266 0.20802662911289876 0.14234698509312796 0.14815943949743846 0 1.2137128967329296 0.39070357704216224 0.17300939085059294 0.09359948435062916 0.20625499529865807 0.3636579452721144 0.12599853859981974 0.0975609756097561 0.2916886116585612
0.4545324114471421 1.4936110110839254 0.5917813771642473 1.2913740971629908 0.8203349690673505 1.2166396088062656 1.5143126069055934 1.2590110590015806 1.2443992171986873 1.1623695372713752 1.2137128967329296 0 0.7165459747107923 1.3664036093078105 1.3293381659427554 1.5256863630015751 0.7763376175556711 1.405509542735936 1.2137128967329296 0.9284417612145461
0.25633274474845685 0.6039741152661271 0.21025245450910923 0.4605428901791681 0.20258168595701584 0.40533961419994047 0.6099956431826772 0.4311077863272534 0.4261044317270128 0.35959747611403814 0.39070357704216224 0.7165459747107923 0 0.5521379554414644 0.48524605474997545 0.6107333202407459 0.2269628907094417 0.5288727924260233 0.48541959571905 0.2265461887154396
0.7523405214147392 0.08690791973418811 0.709732999255747 0.13801311186847084 0.4021363139825527 0.2555511153351118 0.10317251193584877 0.28618680462087626 0.21125388784163268 0.26460137733747513 0.17300939085059294 1.3664036093078105 0.5521379554414644 0 0.09492889050691344 0.19611043400487746 0.470437536140385 0.0771829463496128 0.1141125769440081 0.3918006533149026
0.7133238748131661 0.11996278739998238 0.6838731153151454 0.05614899250748771 0.3695881960737216 0.18870891544051194 0.129627159999901 0.21738829402111262 0.1493131933494921 0.2160579424199875 0.09359948435062916 1.3293381659427554 0.48524605474997545 0.09492889050691344 0 0.13614140721551504 0.4465811335861275 0.05802351935002978 0.12355131934283049 0.3358134147989646
0.8395237082545659 0.10144970153293265 0.8197674418604651 0.14499541750119385 0.4886527666631054 0.21576463464845086 0.10484994754134032 0.2232789884511249 0.16718761755383493 0.26450187203510966 0.20625499529865807 1.5256863630015751 0.6107333202407459 0.19611043400487746 0.13614140721551504 0 0.5711191533337093 0.12535305264097504 0.26125632737830023 0.4193307655873712
0.31993601919360226 0.5548644321327988 0.4100342639318939 0.4220225639660599 0.09876868343987423 0.47758962666152643 0.5710143801472372 0.5055838968993416 0.44356830063318076 0.35648749393679063 0.3636579452721144 0.7763376175556711 0.2269628907094417 0.470437536140385 0.4465811335861275 0.5711191533337093 0 0.489392351519908 0.3636579452721144 0.31064786629829655
0.7766629510191839 0.07811889719953762 0.733315357949704 0.09378618992607292 0.40972197579524855 0.22555354977384037 0.08859268356194984 0.25529089517194525 0.18023431272764762 0.2551275957047573 0.12599853859981974 1.405509542735936 0.5288727924260233 0.0771829463496128 0.05802351935002978 0.12535305264097504 0.489392351519908 0 0.13341021734098563 0.39000717168541793
0.6407179816616578 0.18166458315162262 0.6668911514656611 0.14859973597924409 0.2996237955686251 0.22422084658656985 0.20441275719562266 0.2400307258994986 0.1977041459626777 0.18931483935783802 0.0975609756097561 1.2137128967329296 0.48541959571905 0.1141125769440081 0.12355131934283049 0.26125632737830023 0.3636579452721144 0.13341021734098563 0 0.35002633399027344
0.4294365710745772 0.4304146314197278 0.3699977343417981 0.2961898129841987 0.20475833182402936 0.24965776849116683 0.4528558003907845 0.24878389439920268 0.24589655605369864 0.19687480773953944 0.2916886116585612 0.9284417612145461 0.2265461887154396 0.3918006533149026 0.3358134147989646 0.4193307655873712 0.31064786629829655 0.39000717168541793 0.35002633399027344 0
