0 0.9227765894575353 0.6432369698579966 0.75 0.27888667551135854 0.7200822998230956 0.4252100321353806 0.2041241452319315 0.9134141431056324 0.8453167687680397 0.5493502655735357 0.7828751257191237 0.6681531047810609 1.0786387432600122 0.47434164902525694 0.8944271909999159 0.6125687718456599 0.37221875023909884 0.8553372034476997 0.9683640522700839
0.9227765894575353 0 0.2219386772286763 0.13294239000659405 0.6935366974320332 0.2956351030497751 0.4241480179087136 0.664052277510436 0.0850594941063545 0.06290772639011698 0.3053461992065122 0.11682052278281417 0.2340822943922611 0.11860271121563368 0.3758877294182421 0.030309700979595525 0.44823346819390053 0.47814789900274257 0.0552259490381625 0.059635351359052104
0.6432369698579966 0.2219386772286763 0 0.17217959294178697 0.5490427948199805 0.27019040800884153 0.19339148367352377 0.4137945591514997 0.30083119682548143 0.19901558056928348 0.21910116190686021 0.11394002636002815 0.20837855928270652 0.33639772935079165 0.21368259151266644 0.2004933125793919 0.42319726343252134 0.24377804031954892 0.17057002320905357 0.2725133069319585
0.75 0.13294239000659405 0.17217959294178697 0 0.5378528742004771 0.1800205749557739 0.2834733547569204 0.5103103630798288 0.13648717080888761 0.07458677371482704 0.1690308509457033 0.1130819626038734 0.11135885079684349 0.24514516892273006 0.23717082451262847 0.1330992843749875 0.3217924560961378 0.33499687521518895 0.12062447740929098 0.16643757148392066
0.27888667551135854 0.6935366974320332 0.5490427948199805 0.5378528742004771 0 0.451848057057532 0.3689323936863109 0.1870475139818022 0.6851601597031488 0.6240377207533828 0.35355339059327373 0.5967780724830716 0.46318550962495647 0.8321328349158293 0.3086709862908689 0.6681531047810609 0.33086205126864726 0.32526146276048157 0.6330541649476573 0.7342360411356583
0.7200822998230956 0.2956351030497751 0.27019040800884153 0.1800205749557739 0.451848057057532 0 0.39123794502786874 0.5406991766659779 0.2041241452319315 0.23572114603798 0.18257418583505539 0.2975265527511198 0.07216878364870322 0.3253097988094813 0.29683627218851216 0.3047789553762065 0.18844459036110225 0.4243778783732938 0.2961121060494589 0.2669358506047505
0.4252100321353806 0.4241480179087136 0.19339148367352377 0.2834733547569204 0.3689323936863109 0.39123794502786874 0 0.21216710619787638 0.4166666666666667 0.36178643296414953 0.20497289793748072 0.3106939335406841 0.3156726701725659 0.5466713710375621 0.0946222649056395 0.40144827099604535 0.30259991532419295 0.049239912322395954 0.36991501890585793 0.4603684421896255
0.2041241452319315 0.664052277510436 0.4137945591514997 0.5103103630798288 0.1870475139818022 0.5406991766659779 0.21216710619787638 0 0.6557892373388906 0.5954651581568435 0.32778114068761827 0.5397814402407793 0.4468271085784606 0.8006407690254358 0.2581988897471611 0.6390096504226938 0.4431800195652587 0.16208817969462158 0.6043672230190352 0.7041868508280461
0.9134141431056324 0.0850594941063545 0.30083119682548143 0.13648717080888761 0.6851601597031488 0.2041241452319315 0.4166666666666667 0.6557892373388906 0 0.09501461875826149 0.29814239699997197 0.2020149855943543 0.19361257103917373 0.11736447513800768 0.36852882121143804 0.10799193254864378 0.4000473456828314 0.47051471774733916 0.1353937324099872 0.06672006408545297
0.8453167687680397 0.06290772639011698 0.19901558056928348 0.07458677371482704 0.6240377207533828 0.23572114603798 0.36178643296414953 0.5954651581568435 0.09501461875826149 0 0.24514516892273003 0.10765298013309715 0.17128606205176408 0.1690308509457033 0.31448545101657555 0.06671243849949911 0.3814529400939852 0.41458809573439087 0.05343667144834019 0.09128709291752769
0.5493502655735357 0.3053461992065122 0.21910116190686021 0.1690308509457033 0.35355339059327373 0.18257418583505539 0.20497289793748072 0.32778114068761827 0.29814239699997197 0.24514516892273003 0 0.2710315441575702 0.11670310412526162 0.42265838438401987 0.11135885079684349 0.2834733547569204 0.19725600791847295 0.2299945859765922 0.2724746304565331 0.3401545651687306
0.7828751257191237 0.11682052278281417 0.11394002636002815 0.1130819626038734 0.5967780724830716 0.2975265527511198 0.3106939335406841 0.5397814402407793 0.2020149855943543 0.10765298013309715 0.2710315441575702 0 0.22938046220430872 0.236556772903598 0.2714066230169913 0.0855830310623031 0.46081393591765885 0.3626321077722928 0.061429730786153394 0.17934872870472315
0.6681531047810609 0.2340822943922611 0.20837855928270652 0.11135885079684349 0.46318550962495647 0.07216878364870322 0.3156726701725659 0.4468271085784606 0.19361257103917373 0.17128606205176408 0.11670310412526162 0.22938046220430872 0 0.3144854510165755 0.22537446792760443 0.24189150427005587 0.19894589252079753 0.3448627709002392 0.23152923303255443 0.23454309992995195
1.0786387432600122 0.11860271121563368 0.33639772935079165 0.24514516892273006 0.8321328349158293 0.3253097988094813 0.5466713710375621 0.8006407690254358 0.11736447513800768 0.1690308509457033 0.42265838438401987 0.236556772903598 0.3144854510165755 0 0.49613893835683387 0.148264569930474 0.5292006047363136 0.6034509825089518 0.17419717375622185 0.07715167498104596
0.47434164902525694 0.3758877294182421 0.21368259151266644 0.23717082451262847 0.3086709862908689 0.29683627218851216 0.0946222649056395 0.2581988897471611 0.36852882121143804 0.31448545101657555 0.11135885079684349 0.2714066230169913 0.22537446792760443 0.49613893835683387 0 0.35355339059327373 0.23539595453459988 0.11509021710529649 0.3224970216983856 0.41148796376363705
0.8944271909999159 0.030309700979595525 0.2004933125793919 0.1330992843749875 0.6681531047810609 0.3047789553762065 0.40144827099604535 0.6390096504226938 0.10799193254864378 0.06671243849949911 0.2834733547569204 0.0855830310623031 0.24189150427005587 0.148264569930474 0.35355339059327373 0 0.46120541812779875 0.45499418065893715 0.029424494316824985 0.0902219936601278
0.6125687718456599 0.44823346819390053 0.42319726343252134 0.3217924560961378 0.33086205126864726 0.18844459036110225 0.30259991532419295 0.4431800195652587 0.4000473456828314 0.3814529400939852 0.19725600791847295 0.46081393591765885 0.19894589252079753 0.5292006047363136 0.23539595453459988 0.46120541812779875 0 0.3340292283148719 0.45354828894288657 0.443484296991812
0.37221875023909884 0.47814789900274257 0.24377804031954892 0.33499687521518895 0.32526146276048157 0.4243778783732938 0.049239912322395954 0.16208817969462158 0.47051471774733916 0.41458809573439087 0.2299945859765922 0.3626321077722928 0.3448627709002392 0.6034509825089518 0.11509021710529649 0.45499418065893715 0.3340292283148719 0 0.42286404681630735 0.5151334885756955
0.8553372034476997 0.0552259490381625 0.17057002320905357 0.12062447740929098 0.6330541649476573 0.2961121060494589 0.36991501890585793 0.6043672230190352 0.1353937324099872 0.05343667144834019 0.2724746304565331 0.061429730786153394 0.23152923303255443 0.17419717375622185 0.3224970216983856 0.029424494316824985 0.45354828894288657 0.42286404681630735 0 0.11614472361209595
0.9683640522700839 0.059635351359052104 0.2725133069319585 0.16643757148392066 0.7342360411356583 0.2669358506047505 0.4603684421896255 0.7041868508280461 0.06672006408545297 0.09128709291752769 0.3401545651687306 0.17934872870472315 0.23454309992995195 0.07715167498104596 0.41148796376363705 0.0902219936601278 0.443484296991812 0.5151334885756955 0.11614472361209595 0
