0 0.11937491823416739 0.3387322315405002 0.3535738313408752 0.11882352998281205 0.3117407395122594 0.2139513611337505 0.10089692439079567 0.16186538397751932 0.0905705518665925 0.4336150049977017 0.15313925804380776 0.258918358615843 0.15490239232557493 0.28764964242089713 0.23945336194792824 0.43246950551465013 0.15355538942613123 0.21384293954801956 0.3983423234202587
0.11937491823416739 0 0.2699571342103609 0.2950767239262246 0.11111230187861439 0.25413680518237897 0.18373469898171788 0.08963161628843809 0.2186323985760172 0.15350577688153785 0.3560267591758991 0.10414622559379016 0.22649511721952234 0.06337177580800894 0.2382413726510838 0.32074122175245573 0.4592381676435713 0.13910299279834548 0.1541399085884183 0.33110338777964116
0.3387322315405002 0.2699571342103609 0 0.08528851646223785 0.27945862086971646 0.06941317354940489 0.15166728462653428 0.27380469829431225 0.4728772448053209 0.40554021426873704 0.1250048810647248 0.21156549991594312 0.1480808627580078 0.2662278221017035 0.139764011338596 0.5619946241568576 0.7267009795023218 0.2500226086799706 0.22567498315284498 0.08808020908432054
0.3535738313408752 0.2950767239262246 0.08528851646223785 0 0.3007912160289131 0.0885555261496787 0.15604289297357046 0.2920706831588723 0.492768653574825 0.420780287428141 0.11086817090852262 0.2255467256930763 0.1432740074034159 0.29755113644072223 0.13217013315942025 0.5828338612549911 0.7596726579331672 0.28467425521622053 0.24200385600351715 0.08172396061006872
0.11882352998281205 0.11111230187861439 0.27945862086971646 0.3007912160289131 0 0.25296295685069115 0.17882190120866664 0.08921761122856037 0.20646241331196116 0.1738721518215532 0.36422623734482545 0.13390085504607713 0.21378779248605623 0.13516942277635025 0.22949123682928538 0.30721219314312065 0.4434716813405374 0.08932934278296034 0.20733505696750834 0.3295740337016972
0.3117407395122594 0.25413680518237897 0.06941317354940489 0.0885555261496787 0.25296295685069115 0 0.10826540914887364 0.2501777462009118 0.44144144144144143 0.3785418025871707 0.13244208315853642 0.1917750462302531 0.10982368400959007 0.26915141935238396 0.11115400287534567 0.5397578926492556 0.6994618092363271 0.23075539700742265 0.21423501793957095 0.10253950783870261
0.2139513611337505 0.18373469898171788 0.15166728462653428 0.15604289297357046 0.17882190120866664 0.10826540914887364 0 0.16564744693194003 0.3444808472918707 0.27415480752252785 0.21703874886918798 0.10666144256067948 0.10969780989276856 0.1947067688754695 0.12143534814378326 0.4409345503988595 0.6197514132289987 0.17725741933841666 0.13896777302969732 0.1846882876295339
0.10089692439079567 0.08963161628843809 0.27380469829431225 0.2920706831588723 0.08921761122856037 0.2501777462009118 0.16564744693194003 0 0.21037674112349405 0.14495612708744857 0.361101030598796 0.1056305696851062 0.22180174790509385 0.10559461336692175 0.24163690784004932 0.3068986660844193 0.4796874435475383 0.10012523486435178 0.1901393363334103 0.32532798763503734
0.16186538397751932 0.2186323985760172 0.4728772448053209 0.492768653574825 0.20646241331196116 0.44144144144144143 0.3444808472918707 0.21037674112349405 0 0.10207868833811344 0.5681765367501214 0.27720211227827496 0.400071991749221 0.25096551263938505 0.42145892756901904 0.13129246037414327 0.2974089582579658 0.23796650316390464 0.33139479337527383 0.5362539126159177
0.0905705518665925 0.15350577688153785 0.40554021426873704 0.420780287428141 0.1738721518215532 0.3785418025871707 0.27415480752252785 0.14495612708744857 0.10207868833811344 0 0.495219802566909 0.2123566839115091 0.3155399737193584 0.19060520297209058 0.34547591073152056 0.17906777753078582 0.382229708047409 0.199161126033635 0.2607601657715914 0.463169106988213
0.4336150049977017 0.3560267591758991 0.1250048810647248 0.11086817090852262 0.36422623734482545 0.13244208315853642 0.21703874886918798 0.361101030598796 0.5681765367501214 0.495219802566909 0 0.28910625796245415 0.2048141302387541 0.34328036601534606 0.19064300661425845 0.6605367356624569 0.8258657195495427 0.340295262677672 0.28050094180097596 0.06600145367765502
0.15313925804380776 0.10414622559379016 0.21156549991594312 0.2255467256930763 0.13390085504607713 0.1917750462302531 0.10666144256067948 0.1056305696851062 0.27720211227827496 0.2123566839115091 0.28910625796245415 0 0.1603076619888589 0.12247193870083707 0.16132763239437128 0.3669974270747496 0.5435667108543161 0.14233917701417587 0.12048856171495792 0.25742642866291104
0.258918358615843 0.22649511721952234 0.1480808627580078 0.1432740074034159 0.21378779248605623 0.10982368400959007 0.10969780989276856 0.22180174790509385 0.400071991749221 0.3155399737193584 0.2048141302387541 0.1603076619888589 0 0.23562905485380567 0.0645245224661103 0.47761292768018093 0.6502957662020576 0.1770687609586865 0.18188045289042507 0.1795367631747463
0.15490239232557493 0.06337177580800894 0.2662278221017035 0.29755113644072223 0.13516942277635025 0.26915141935238396 0.1947067688754695 0.10559461336692175 0.25096551263938505 0.19060520297209058 0.34328036601534606 0.12247193870083707 0.23562905485380567 0 0.2505570327400104 0.31803796853970556 0.4602762486486611 0.14847727846951422 0.12568439768596787 0.3121631548694755
0.28764964242089713 0.2382413726510838 0.139764011338596 0.13217013315942025 0.22949123682928538 0.11115400287534567 0.12143534814378326 0.24163690784004932 0.42145892756901904 0.34547591073152056 0.19064300661425845 0.16132763239437128 0.0645245224661103 0.2505570327400104 0 0.5049684404586762 0.6738668420119716 0.20389258061373222 0.18585364625199022 0.17381457042438014
0.23945336194792824 0.32074122175245573 0.5619946241568576 0.5828338612549911 0.30721219314312065 0.5397578926492556 0.4409345503988595 0.3068986660844193 0.13129246037414327 0.17906777753078582 0.6605367356624569 0.3669974270747496 0.47761292768018093 0.31803796853970556 0.5049684404586762 0 0.23187498037069898 0.3094339912840756 0.417370229050071 0.628257665919194
0.43246950551465013 0.4592381676435713 0.7267009795023218 0.7596726579331672 0.4434716813405374 0.6994618092363271 0.6197514132289987 0.4796874435475383 0.2974089582579658 0.382229708047409 0.8258657195495427 0.5435667108543161 0.6502957662020576 0.4602762486486611 0.6738668420119716 0.23187498037069898 0 0.4694990971744079 0.5463928559404533 0.7929003733714195
0.15355538942613123 0.13910299279834548 0.2500226086799706 0.28467425521622053 0.08932934278296034 0.23075539700742265 0.17725741933841666 0.10012523486435178 0.23796650316390464 0.199161126033635 0.340295262677672 0.14233917701417587 0.1770687609586865 0.14847727846951422 0.20389258061373222 0.3094339912840756 0.4694990971744079 0 0.20095398246631052 0.3061212363709355
0.21384293954801956 0.1541399085884183 0.22567498315284498 0.24200385600351715 0.20733505696750834 0.21423501793957095 0.13896777302969732 0.1901393363334103 0.33139479337527383 0.2607601657715914 0.28050094180097596 0.12048856171495792 0.18188045289042507 0.12568439768596787 0.18585364625199022 0.417370229050071 0.5463928559404533 0.20095398246631052 0 0.25022416182306717
0.3983423234202587 0.33110338777964116 0.08808020908432054 0.08172396061006872 0.3295740337016972 0.10253950783870261 0.1846882876295339 0.32532798763503734 0.5362539126159177 0.463169106988213 0.06600145367765502 0.25742642866291104 0.1795367631747463 0.3121631548694755 0.17381457042438014 0.628257665919194 0.7929003733714195 0.3061212363709355 0.25022416182306717 0
