0 0.1014315230260389 0.4052012038873831 0.18197974410786338 0.26993018411334374 0.13293003075336618 0.3739612358552038 0.3196692819900347 0.2426119995112173 0.010582158705422126 0.3285602362291921 0.05081447760297463 0.4356061806077797 0.14554192356747964 0.15942731771090915 0.36855355305575244 0.14760499328462162 0.10695340092890232 0.17986813256319045 0.1333695214083011
0.1014315230260389 0 0.5017423990616218 0.10882143751650175 0.18940402007417423 0.09915266944696803 0.28914465260839795 0.23717742901060423 0.15573263839983328 0.0960916767552923 0.24570026083553537 0.06921340662485319 0.34175846212075917 0.06607993634901656 0.22963288085137562 0.4293832972403134 0.07120516440958824 0.18938287769312112 0.2739727548452816 0.13456297630471967
0.4052012038873831 0.5017423990616218 0 0.5594309277855157 0.6231119602071132 0.45371177596417367 0.7435995214255144 0.680336051416609 0.6372984401565671 0.4030629240334534 0.6906399134319009 0.4293220426287277 0.8205382451993758 0.49723817328847286 0.3731012536223183 0.2407856651654436 0.5111012519999519 0.32589910405813366 0.24912660663361957 0.4173385957035017
0.18197974410786338 0.10882143751650175 0.5594309277855157 0 0.10920802077048021 0.1188456721353821 0.19773439940268395 0.14638501094227996 0.06631853547951845 0.17660431427533918 0.1548225999432367 0.14840637330014544 0.2442644972087664 0.14978406833015523 0.307352384431109 0.5222329678670935 0.06158402871356008 0.24542812827576355 0.32922930647200516 0.1731167783903243
0.26993018411334374 0.18940402007417423 0.6231119602071132 0.10920802077048021 0 0.1533132637041894 0.10533490339164907 0.05395415843971626 0.06754122651423108 0.26443747168592646 0.05646964297789584 0.21879674502075797 0.16880679883265118 0.24619325820862126 0.34238531151867374 0.556062280818126 0.12058557336242448 0.28371288410758283 0.3658236249996894 0.22028563975777452
0.13293003075336618 0.09915266944696803 0.45371177596417367 0.1188456721353821 0.1533132637041894 0 0.2511549418638731 0.198328365182178 0.17920430732684967 0.1322285481219839 0.206999954460015 0.11791898608751623 0.3141436728544594 0.1645407132526297 0.19136048879484702 0.3910103068877468 0.08645563180722492 0.1336427974217672 0.21232410972188523 0.09258380948569535
0.3739612358552038 0.28914465260839795 0.7435995214255144 0.19773439940268395 0.10533490339164907 0.2511549418638731 0 0.051558908642279425 0.136850126543989 0.36462171658013576 0.06188522499456786 0.32187846335325637 0.06792116294668217 0.29042123564832584 0.40946009322950677 0.6728257355942738 0.22154564817843775 0.37596640430872047 0.464465471638368 0.2922636583055446
0.3196692819900347 0.23717742901060423 0.680336051416609 0.14638501094227996 0.05395415843971626 0.198328365182178 0.051558908642279425 0 0.09503659762016971 0.3141045274034399 0.03966148897690515 0.26814201218058914 0.1149321249537293 0.2808916631412373 0.3827659079120556 0.6115766297251507 0.16903085094570333 0.3253026476928925 0.40823352534005974 0.2534170149895988
0.2426119995112173 0.15573263839983328 0.6372984401565671 0.06631853547951845 0.06754122651423108 0.17920430732684967 0.136850126543989 0.09503659762016971 0 0.23717082451262844 0.0972720766171595 0.20779397052122808 0.19183338621149576 0.21364710661917305 0.36747330892885216 0.5960646459914872 0.11970358126815192 0.31119918849177614 0.39696655405291037 0.23695441030708575
0.010582158705422126 0.0960916767552923 0.4030629240334534 0.17660431427533918 0.26443747168592646 0.1322285481219839 0.36462171658013576 0.3141045274034399 0.23717082451262844 0 0.322981380586862 0.045491692908251516 0.429840991598241 0.14477388694744775 0.16952297271317526 0.3735258104876803 0.1422377549997483 0.10638899909514296 0.18469053288688436 0.1326657195488306
0.3285602362291921 0.24570026083553537 0.6906399134319009 0.1548225999432367 0.05646964297789584 0.206999954460015 0.06188522499456786 0.03966148897690515 0.0972720766171595 0.322981380586862 0 0.27695081927983334 0.12915407753009758 0.29966754307511473 0.3915116979116133 0.6215610188084072 0.1776564036358076 0.3380942474939112 0.4216445173249455 0.2656308267307833
0.05081447760297463 0.06921340662485319 0.4293220426287277 0.14840637330014544 0.21879674502075797 0.11791898608751623 0.32187846335325637 0.26814201218058914 0.20779397052122808 0.045491692908251516 0.27695081927983334 0 0.38617781750645847 0.12976877398778958 0.20482108525201423 0.41851458420620435 0.09694358283263098 0.1277173581074963 0.22171640985816377 0.12740952810020537
0.4356061806077797 0.34175846212075917 0.8205382451993758 0.2442644972087664 0.16880679883265118 0.3141436728544594 0.06792116294668217 0.1149321249537293 0.19183338621149576 0.429840991598241 0.12915407753009758 0.38617781750645847 0 0.33691053430582657 0.4790250797005834 0.7471545580282566 0.28406700605128477 0.44144542242614615 0.5321847640485124 0.35598146261560254
0.14554192356747964 0.06607993634901656 0.49723817328847286 0.14978406833015523 0.24619325820862126 0.1645407132526297 0.29042123564832584 0.2808916631412373 0.21364710661917305 0.14477388694744775 0.29966754307511473 0.12976877398778958 0.33691053430582657 0 0.17047800857554662 0.3678556504467033 0.1346250118117348 0.23411570369727563 0.2804743217992571 0.12164136859717337
0.15942731771090915 0.22963288085137562 0.3731012536223183 0.307352384431109 0.34238531151867374 0.19136048879484702 0.40946009322950677 0.3827659079120556 0.36747330892885216 0.16952297271317526 0.3915116979116133 0.20482108525201423 0.4790250797005834 0.17047800857554662 0 0.23717082451262844 0.26696952498876586 0.1437012486927491 0.11993477322022918 0.1276307813458642
0.36855355305575244 0.4293832972403134 0.2407856651654436 0.5222329678670935 0.556062280818126 0.3910103068877468 0.6728257355942738 0.6115766297251507 0.5960646459914872 0.3735258104876803 0.6215610188084072 0.41851458420620435 0.7471545580282566 0.3678556504467033 0.23717082451262844 0 0.4763879244328665 0.2796450759873114 0.18963352701584577 0.3487138288702803
0.14760499328462162 0.07120516440958824 0.5111012519999519 0.06158402871356008 0.12058557336242448 0.08645563180722492 0.22154564817843775 0.16903085094570333 0.11970358126815192 0.1422377549997483 0.1776564036358076 0.09694358283263098 0.28406700605128477 0.1346250118117348 0.26696952498876586 0.4763879244328665 0 0.20404511413447404 0.28679812509317776 0.15849058664490415
0.10695340092890232 0.18938287769312112 0.32589910405813366 0.24542812827576355 0.28371288410758283 0.1336427974217672 0.37596640430872047 0.3253026476928925 0.31119918849177614 0.10638899909514296 0.3380942474939112 0.1277173581074963 0.44144542242614615 0.23411570369727563 0.1437012486927491 0.2796450759873114 0.20404511413447404 0 0.0874996354189453 0.1340846446118518
0.17986813256319045 0.2739727548452816 0.24912660663361957 0.32922930647200516 0.3658236249996894 0.21232410972188523 0.464465471638368 0.40823352534005974 0.39696655405291037 0.18469053288688436 0.4216445173249455 0.22171640985816377 0.5321847640485124 0.2804743217992571 0.11993477322022918 0.18963352701584577 0.28679812509317776 0.0874996354189453 0 0.16164581470368544
0.1333695214083011 0.13456297630471967 0.4173385957035017 0.1731167783903243 0.22028563975777452 0.09258380948569535 0.2922636583055446 0.2534170149895988 0.23695441030708575 0.1326657195488306 0.2656308267307833 0.12740952810020537 0.35598146261560254 0.12164136859717337 0.1276307813458642 0.3487138288702803 0.15849058664490415 0.1340846446118518 0.16164581470368544 0
