0 0.10602932949073547 0.22386359338650239 0.3887315084819518 0.06638184882921043 0.253911120869623 0.6529829845528148 0.23578313267801074 0.3071628001482697 0.33928959342429377 0.42606690319841917 0.4697792378682585 0.2516366409625805 0.31622294631654096 0.2787156569677718 0.2625774993647336 0.17864740025262407 0.20637902722563223 0.11283732308370766 0.06117155732876775
0.10602932949073547 0 0.14432548796688768 0.5001488464433866 0.09715976816411512 0.18480305704499772 0.7859198392722357 0.3382565943109942 0.2247893586681328 0.25560740770337126 0.33818900035530375 0.3763013243181601 0.35740558293342345 0.23699781827327646 0.19031665784045426 0.18215235795932802 0.24280025754826162 0.30598952853753203 0.09334808580150021 0.16627692150067994
0.22386359338650239 0.14432548796688768 0 0.6355344387257561 0.1942414117451687 0.09432957880071566 0.922892039339789 0.45587592790007525 0.11473990669366976 0.16352884846004845 0.21944269624570498 0.24521256234496475 0.478882960191932 0.15482547396458043 0.14384770191961926 0.10957953424928937 0.3903897810966227 0.3897447938127727 0.19059177388747486 0.28355373852565846
0.3887315084819518 0.5001488464433866 0.6355344387257561 0 0.4478110755198991 0.6692404173063309 0.25641129703418536 0.18188690050352735 0.7309965459373093 0.7745205077273382 0.8800880583578449 0.9354275799749003 0.13916748518532024 0.7475104116846623 0.7025816865055983 0.6836282073553063 0.26982036673133164 0.21938172723813917 0.4804379772023617 0.3413844466002364
0.06638184882921043 0.09715976816411512 0.1942414117451687 0.4478110755198991 0 0.2317627962827917 0.7110571291368637 0.2640726137846249 0.28353006644194456 0.29643494068646475 0.38197480132323564 0.4215686274509804 0.3068554591412284 0.27358675161254087 0.2520516082715736 0.2205613452626626 0.19436506316151 0.246149704544388 0.06593512215503587 0.11744739098372006
0.253911120869623 0.18480305704499772 0.09432957880071566 0.6692404173063309 0.2317627962827917 0 0.9609644992036083 0.4715283367574436 0.055469756233992334 0.11933017042964143 0.17084168872695576 0.21045127478552347 0.5109202607226312 0.07943125909174616 0.1485661503881226 0.08026519767944632 0.386779346343457 0.4208814735672096 0.1919573208075928 0.3133279124634967
0.6529829845528148 0.7859198392722357 0.922892039339789 0.25641129703418536 0.7110571291368637 0.9609644992036083 0 0.4200134406451544 1.0317986705069009 1.0826725901900307 1.2064767219412402 1.2724180205607036 0.3862947093664008 1.0515032219579574 0.9991506033292562 0.9772502664019285 0.5346338310781814 0.4583492485141057 0.7460843702452428 0.6113543594544169
0.23578313267801074 0.3382565943109942 0.45587592790007525 0.18188690050352735 0.2640726137846249 0.4715283367574436 0.4200134406451544 0 0.5285287244995159 0.5679812315194616 0.663364065653447 0.7083852655492318 0.07536726347643961 0.5431939039973341 0.5023445919446196 0.4849722054059729 0.16864418227455627 0.1232082207267395 0.2959982208107105 0.18487947453686215
0.3071628001482697 0.2247893586681328 0.11473990669366976 0.7309965459373093 0.28353006644194456 0.055469756233992334 1.0317986705069009 0.5285287244995159 0 0.06773663825945139 0.11731047888243405 0.15877683720748895 0.5689609541719806 0.06358620521318349 0.14055360783456136 0.10327336206519369 0.4364580470356314 0.4768927394705209 0.2397180513424344 0.36641962268340655
0.33928959342429377 0.25560740770337126 0.16352884846004845 0.7745205077273382 0.29643494068646475 0.11933017042964143 1.0826725901900307 0.5679812315194616 0.06773663825945139 0 0.08075711386462636 0.11954989377478824 0.609285089482827 0.04476790038848824 0.11869557099235242 0.07645207267432168 0.4609327677584255 0.5154515423494693 0.2601926595098418 0.38660455634130947
0.42606690319841917 0.33818900035530375 0.21944269624570498 0.8800880583578449 0.38197480132323564 0.17084168872695576 1.2064767219412402 0.663364065653447 0.11731047888243405 0.08075711386462636 0 0.04281723436661638 0.7068415753678408 0.1033757400836049 0.16044042519143534 0.15752729160262272 0.5518915695898104 0.6085821840836614 0.33776026473659926 0.47489417297380637
0.4697792378682585 0.3763013243181601 0.24521256234496475 0.9354275799749003 0.4215686274509804 0.21045127478552347 1.2724180205607036 0.7083852655492318 0.15877683720748895 0.11954989377478824 0.04281723436661638 0 0.7573453885187764 0.14241502138735002 0.18354527371571 0.19430404225520276 0.5983395081638642 0.656399212118368 0.3799118943218734 0.5196157298067615
0.2516366409625805 0.35740558293342345 0.478882960191932 0.13916748518532024 0.3068554591412284 0.5109202607226312 0.3862947093664008 0.07536726347643961 0.5689609541719806 0.609285089482827 0.7068415753678408 0.7573453885187764 0 0.5840153043111243 0.5474546450835718 0.5245749386532595 0.159891267401645 0.0959539531510802 0.33872613197796403 0.2061981926231449
0.31622294631654096 0.23699781827327646 0.15482547396458043 0.7475104116846623 0.27358675161254087 0.07943125909174616 1.0515032219579574 0.5431939039973341 0.06358620521318349 0.04476790038848824 0.1033757400836049 0.14241502138735002 0.5840153043111243 0 0.10969332743283851 0.06323580330959386 0.4370605993752646 0.49113582038686854 0.23044703443066977 0.36325622861249696
0.2787156569677718 0.19031665784045426 0.14384770191961926 0.7025816865055983 0.2520516082715736 0.1485661503881226 0.9991506033292562 0.5023445919446196 0.14055360783456136 0.11869557099235242 0.16044042519143534 0.18354527371571 0.5474546450835718 0.10969332743283851 0 0.08723799789525515 0.39794975584859843 0.47492140701017166 0.19373068174142452 0.32517541388168186
0.2625774993647336 0.18215235795932802 0.10957953424928937 0.6836282073553063 0.2205613452626626 0.08026519767944632 0.9772502664019285 0.4849722054059729 0.10327336206519369 0.07645207267432168 0.15752729160262272 0.19430404225520276 0.5245749386532595 0.06323580330959386 0.08723799789525515 0 0.38123162610493905 0.4341397121319786 0.18541992534280194 0.30883373350151366
0.17864740025262407 0.24280025754826162 0.3903897810966227 0.26982036673133164 0.19436506316151 0.386779346343457 0.5346338310781814 0.16864418227455627 0.4364580470356314 0.4609327677584255 0.5518915695898104 0.5983395081638642 0.159891267401645 0.4370605993752646 0.39794975584859843 0.38123162610493905 0 0.1540308092430811 0.1977246130971923 0.11828883320929116
0.20637902722563223 0.30598952853753203 0.3897447938127727 0.21938172723813917 0.246149704544388 0.4208814735672096 0.4583492485141057 0.1232082207267395 0.4768927394705209 0.5154515423494693 0.6085821840836614 0.656399212118368 0.0959539531510802 0.49113582038686854 0.47492140701017166 0.4341397121319786 0.1540308092430811 0 0.28263795946385345 0.16345805655185672
0.11283732308370766 0.09334808580150021 0.19059177388747486 0.4804379772023617 0.06593512215503587 0.1919573208075928 0.7460843702452428 0.2959982208107105 0.2397180513424344 0.2601926595098418 0.33776026473659926 0.3799118943218734 0.33872613197796403 0.23044703443066977 0.19373068174142452 0.18541992534280194 0.1977246130971923 0.28263795946385345 0 0.1436142951405069
0.06117155732876775 0.16627692150067994 0.28355373852565846 0.3413844466002364 0.11744739098372006 0.3133279124634967 0.6113543594544169 0.18487947453686215 0.36641962268340655 0.38660455634130947 0.47489417297380637 0.5196157298067615 0.2061981926231449 0.36325622861249696 0.32517541388168186 0.30883373350151366 0.11828883320929116 0.16345805655185672 0.1436142951405069 0
