0 0.18909389514744546 0.041782436005311084 0.25849494319170097 0.1949346786271225 0.3858000357266596 0.16616253844170772 0.3526169315312726 0.03225992952145052 0.10026699346661792 0.36886071989721364 0.1604829352829443 0.23434190426654955 0.3240309202996654 0.06047243085586209 0.35731459687618095 0.3392049913400537 0.10613237065158376 0.41281400194595413 0.10366173559518715
0.18909389514744546 0 0.19692154359960184 0.4042260417272216 0.2959031148269842 0.48289667214027643 0.1943435304452016 0.4329597218996868 0.18534614582851092 0.11369878002147797 0.18396282737014497 0.2963694829829247 0.3121171231360993 0.4584123160410369 0.17766726362967536 0.4375949744936837 0.4858328102887583 0.1397395878938961 0.4983806817472558 0.21217464988805587
0.041782436005311084 0.19692154359960184 0 0.2415316191379617 0.17835361058245044 0.37159666540336994 0.15382985572079996 0.33878425992772265 0.042234151143996694 0.10881413283869412 0.38230072737812854 0.15757614737499634 0.22591373926770947 0.31049527792022213 0.08096878445391197 0.34345648456848804 0.32549148539097844 0.12736780362017705 0.39485395516525595 0.10178413609207655
0.25849494319170097 0.4042260417272216 0.2415316191379617 0 0.10765057035714065 0.13247959980622936 0.2083873309882497 0.13373680342902977 0.25707521652395493 0.3019572512282357 0.5996597284563532 0.11860226036498152 0.1001905432204711 0.07344087033822333 0.2930163576638442 0.12382109909351438 0.0876184914074288 0.36510742296560295 0.15620778296773496 0.2884463450723682
0.1949346786271225 0.2959031148269842 0.17835361058245044 0.10765057035714065 0 0.201981307485675 0.11071778388778585 0.18948103264791447 0.19256391131007433 0.21097932975414635 0.4779057050151183 0.08020000377176444 0.14550080667264387 0.16583371014604256 0.24268050513924552 0.18483041717258775 0.18299899173409462 0.2946597998637433 0.23119865969007722 0.1856313038079674
0.3858000357266596 0.48289667214027643 0.37159666540336994 0.13247959980622936 0.201981307485675 0 0.28202937102171144 0.08381099669145539 0.3899709681400074 0.38275820086240403 0.6700200636863605 0.2312141924902803 0.17659131041244877 0.0835989589880525 0.42152033815418544 0.06235470204441906 0.06390305449921807 0.5009694990086684 0.04670687863132956 0.36519049526391417
0.16616253844170772 0.1943435304452016 0.15382985572079996 0.2083873309882497 0.11071778388778585 0.28202937102171144 0 0.23688697193254354 0.15836128856367962 0.18840277975279968 0.37189591489223106 0.11049624053926048 0.1977486521197236 0.25784754736188603 0.20117384719458278 0.24506028608357255 0.28210860771470364 0.22629071709899104 0.2985707141496988 0.09714729178933955
0.3526169315312726 0.4329597218996868 0.33878425992772265 0.13373680342902977 0.18948103264791447 0.08381099669145539 0.23688697193254354 0 0.35642911725709525 0.34607504312611415 0.6329801116278878 0.19610565968828536 0.13059717521859385 0.06122222446316431 0.403626831571712 0.03753472611029436 0.06869065115715808 0.4623236473722986 0.07610194341477615 0.3325133238911045
0.03225992952145052 0.18534614582851092 0.042234151143996694 0.25707521652395493 0.19256391131007433 0.3899709681400074 0.15836128856367962 0.35642911725709525 0 0.11201951798973835 0.37284851924962253 0.16221793635752968 0.24118222941281922 0.32753405908465594 0.06112620586522822 0.36117756964928116 0.34676845366417514 0.113239768809924 0.4172769857249918 0.10478243557698858
0.10026699346661792 0.11369878002147797 0.10881413283869412 0.3019572512282357 0.21097932975414635 0.38275820086240403 0.18840277975279968 0.34607504312611415 0.11201951798973835 0 0.27107588357508267 0.19106113184977924 0.23249423887374726 0.35246175163829097 0.15817031530443093 0.35449735504716395 0.38242106186010905 0.15794335723951386 0.4060284933009337 0.19026216982825592
0.36886071989721364 0.18396282737014497 0.38230072737812854 0.5996597284563532 0.4779057050151183 0.6700200636863605 0.37189591489223106 0.6329801116278878 0.37284851924962253 0.27107588357508267 0 0.4769494283768888 0.4979149387900339 0.6517457579852954 0.3459292780190043 0.6375695733065302 0.6880513657833166 0.28015835776162373 0.6946507630023037 0.3061771744685008
0.1604829352829443 0.2963694829829247 0.15757614737499634 0.11860226036498152 0.08020000377176444 0.2312141924902803 0.11049624053926048 0.19610565968828536 0.16221793635752968 0.19106113184977924 0.4769494283768888 0 0.12120481391006113 0.1682662554884566 0.21325337801291736 0.20101918433725968 0.19604250252193425 0.26430012445713985 0.25462039444303725 0.1965892748731962
0.23434190426654955 0.3121171231360993 0.22591373926770947 0.1001905432204711 0.14550080667264387 0.17659131041244877 0.1977486521197236 0.13059717521859385 0.24118222941281922 0.23249423887374726 0.4979149387900339 0.12120481391006113 0 0.1501048461529239 0.2862353134565379 0.13557661332794665 0.1729070508880466 0.34005798010540317 0.19669378399212545 0.27816878744065077
0.3240309202996654 0.4584123160410369 0.31049527792022213 0.07344087033822333 0.16583371014604256 0.0835989589880525 0.25784754736188603 0.06122222446316431 0.32753405908465594 0.35246175163829097 0.6517457579852954 0.1682662554884566 0.1501048461529239 0 0.3631394755715994 0.06625285620954538 0.039607169675966995 0.4370820233893641 0.09402971982950772 0.3385670566917809
0.06047243085586209 0.17766726362967536 0.08096878445391197 0.2930163576638442 0.24268050513924552 0.42152033815418544 0.20117384719458278 0.403626831571712 0.06112620586522822 0.15817031530443093 0.3459292780190043 0.21325337801291736 0.2862353134565379 0.3631394755715994 0 0.4081680839060494 0.3744811884294819 0.07922117928043916 0.44504547654197785 0.11249426064331437
0.35731459687618095 0.4375949744936837 0.34345648456848804 0.12382109909351438 0.18483041717258775 0.06235470204441906 0.24506028608357255 0.03753472611029436 0.36117756964928116 0.35449735504716395 0.6375695733065302 0.20101918433725968 0.13557661332794665 0.06625285620954538 0.4081680839060494 0 0.06814038340593072 0.46695860705597597 0.07045948486252364 0.3298496228501569
0.3392049913400537 0.4858328102887583 0.32549148539097844 0.0876184914074288 0.18299899173409462 0.06390305449921807 0.28210860771470364 0.06869065115715808 0.34676845366417514 0.38242106186010905 0.6880513657833166 0.19604250252193425 0.1729070508880466 0.039607169675966995 0.3744811884294819 0.06814038340593072 0 0.45291701515461963 0.08252467445631505 0.36433225834372396
0.10613237065158376 0.1397395878938961 0.12736780362017705 0.36510742296560295 0.2946597998637433 0.5009694990086684 0.22629071709899104 0.4623236473722986 0.113239768809924 0.15794335723951386 0.28015835776162373 0.26430012445713985 0.34005798010540317 0.4370820233893641 0.07922117928043916 0.46695860705597597 0.45291701515461963 0 0.5246640174003588 0.17236256333167307
0.41281400194595413 0.4983806817472558 0.39485395516525595 0.15620778296773496 0.23119865969007722 0.04670687863132956 0.2985707141496988 0.07610194341477615 0.4172769857249918 0.4060284933009337 0.6946507630023037 0.25462039444303725 0.19669378399212545 0.09402971982950772 0.44504547654197785 0.07045948486252364 0.08252467445631505 0.5246640174003588 0 0.3849158000916215
0.10366173559518715 0.21217464988805587 0.10178413609207655 0.2884463450723682 0.1856313038079674 0.36519049526391417 0.09714729178933955 0.3325133238911045 0.10478243557698858 0.19026216982825592 0.3061771744685008 0.1965892748731962 0.27816878744065077 0.3385670566917809 0.11249426064331437 0.3298496228501569 0.36433225834372396 0.17236256333167307 0.3849158000916215 0
