0 0.23923979057061653 0.0712545411723738 0.16123041457331141 0.25120032698640116 0.19916435747683206 0.2751847535024395 0.07312724241271307 0.19952956626469653 0.3322493196224943 0.18146602541201695 0.21320071635561044 0.1838988136087904 0.2474539647646348 0.2811903107020167 0.28482360276838364 0.30961357600854933 0.2322865347227356 0.1210742484482221 0.13444279939870496
0.23923979057061653 0 0.28462270730911815 0.1030442946459545 0.12244968791962889 0.15187812486039523 0.06234335350605602 0.21281798664061632 0.0779299537741549 0.12490854772583843 0.14125418047700944 0.42580980868700224 0.09916757501732275 0.04355848340516793 0.11069223871903677 0.08126526152543954 0.5452881330285319 0.06873014562788071 0.1508910127167933 0.2519886773554684
0.0712545411723738 0.28462270730911815 0 0.2171938682068615 0.29238412813466724 0.20877681069375503 0.3157342031710663 0.11778355112792108 0.24995868792833068 0.37259663229997675 0.21461201688400472 0.19924261748251107 0.23561326774536087 0.2966212752956419 0.32580419033151514 0.3252994585174731 0.288494881605277 0.2821766358572655 0.1687724257025074 0.18019963960108118
0.16123041457331141 0.1030442946459545 0.2171938682068615 0 0.13937096857629283 0.13647324567792152 0.1344477984395155 0.13948688884864338 0.09166984970282113 0.19866333376193476 0.08417256229267932 0.3403069548648863 0.06336646086956767 0.101162829777814 0.13691038785811876 0.15071862521086712 0.46068221272042836 0.11116602147330214 0.09595335007833712 0.1692654532112021
0.25120032698640116 0.12244968791962889 0.29238412813466724 0.13937096857629283 0 0.17298560934461368 0.11772314657574424 0.26200012938281186 0.11649800275567737 0.1524934008019219 0.1704112833400537 0.42935644763137315 0.15007646384092047 0.11019607858698985 0.07787038069171445 0.14902034432070654 0.5602438712106786 0.08219611902205863 0.16965796169557265 0.2346652863338962
0.19916435747683206 0.15187812486039523 0.20877681069375503 0.13647324567792152 0.17298560934461368 0 0.17382815457434217 0.19453797332834005 0.09758175897405974 0.20513388902065893 0.12603212185353851 0.3821578531790892 0.12842022474259468 0.15620525170884517 0.17592274244290132 0.14120898842215107 0.47649445992790884 0.13107906224262483 0.1393770409172632 0.258235984624121
0.2751847535024395 0.06234335350605602 0.3157342031710663 0.1344477984395155 0.11772314657574424 0.17382815457434217 0 0.26076883685437485 0.08854402597106269 0.0720522568361812 0.1965552198661592 0.4623513688445258 0.14477513048174023 0.051541085359093464 0.07824965685253221 0.05000219741047489 0.5890945285723488 0.07268488846257688 0.18598287191498805 0.2978630515460766
0.07312724241271307 0.21281798664061632 0.11778355112792108 0.13948688884864338 0.26200012938281186 0.19453797332834005 0.26076883685437485 0 0.21221867190679136 0.3245315080365153 0.11816717026693016 0.23887302930563734 0.14819230174459813 0.22531902433715886 0.25077519565890877 0.2623098739209098 0.329914439536929 0.23529411764705882 0.14191418111411183 0.09596449173246002
0.19952956626469653 0.0779299537741549 0.24995868792833068 0.09166984970282113 0.11649800275567737 0.09758175897405974 0.08854402597106269 0.21221867190679136 0 0.13936380056371533 0.15432172268942523 0.4107458508363034 0.10292456769725158 0.09737260471306501 0.10136986470457021 0.11808162772749503 0.5017670301100369 0.04636710478635778 0.10842062054679599 0.24867294845663782
0.3322493196224943 0.12490854772583843 0.37259663229997675 0.19866333376193476 0.1524934008019219 0.20513388902065893 0.0720522568361812 0.3245315080365153 0.13936380056371533 0 0.2550813839442885 0.5225181433060804 0.20499135787653464 0.11036508110729384 0.09532087499751989 0.08625071710308331 0.6532175148395224 0.1163372464795259 0.24071739063762818 0.35906624935876585
0.18146602541201695 0.14125418047700944 0.21461201688400472 0.08417256229267932 0.1704112833400537 0.12603212185353851 0.1965552198661592 0.11816717026693016 0.15432172268942523 0.2550813839442885 0 0.34373410028395984 0.07600547259104692 0.1532724226411817 0.1808396940540375 0.1699383900622263 0.43470836203596497 0.17217117115815161 0.13484476109902074 0.15297323202638818
0.21320071635561044 0.42580980868700224 0.19924261748251107 0.3403069548648863 0.42935644763137315 0.3821578531790892 0.4623513688445258 0.23887302930563734 0.4107458508363034 0.5225181433060804 0.34373410028395984 0 0.37197981659926016 0.43278921145054855 0.46352626118898355 0.4723506085866321 0.14027090192169553 0.4287464628562721 0.31801759529697826 0.24253562503633297
0.1838988136087904 0.09916757501732275 0.23561326774536087 0.06336646086956767 0.15007646384092047 0.12842022474259468 0.14477513048174023 0.14819230174459813 0.10292456769725158 0.20499135787653464 0.07600547259104692 0.37197981659926016 0 0.10817432709587863 0.14715028038724337 0.1329297153777572 0.48396933909375184 0.1220407190837867 0.14156348090128087 0.17782168978975482
0.2474539647646348 0.04355848340516793 0.2966212752956419 0.101162829777814 0.11019607858698985 0.15620525170884517 0.051541085359093464 0.22531902433715886 0.09737260471306501 0.11036508110729384 0.1532724226411817 0.43278921145054855 0.10817432709587863 0 0.09269008282833588 0.0670164227074078 0.5574073669315392 0.07084897663649702 0.15573263839983328 0.24738766722441285
0.2811903107020167 0.11069223871903677 0.32580419033151514 0.13691038785811876 0.07787038069171445 0.17592274244290132 0.07824965685253221 0.25077519565890877 0.10136986470457021 0.09532087499751989 0.1808396940540375 0.46352626118898355 0.14715028038724337 0.09269008282833588 0 0.10232570437565755 0.5952277431812029 0.07867457118710863 0.18453325611085666 0.2837197462460762
0.28482360276838364 0.08126526152543954 0.3252994585174731 0.15071862521086712 0.14902034432070654 0.14120898842215107 0.05000219741047489 0.2623098739209098 0.11808162772749503 0.08625071710308331 0.1699383900622263 0.4723506085866321 0.1329297153777572 0.0670164227074078 0.10232570437565755 0 0.5996597284563532 0.11455600554478237 0.19898716983555928 0.27147686900079865
0.30961357600854933 0.5452881330285319 0.288494881605277 0.46068221272042836 0.5602438712106786 0.47649445992790884 0.5890945285723488 0.329914439536929 0.5017670301100369 0.6532175148395224 0.43470836203596497 0.14027090192169553 0.48396933909375184 0.5574073669315392 0.5952277431812029 0.5996597284563532 0 0.5320678951355374 0.4142228528218476 0.3334027705454881
0.2322865347227356 0.06873014562788071 0.2821766358572655 0.11116602147330214 0.08219611902205863 0.13107906224262483 0.07268488846257688 0.23529411764705882 0.04636710478635778 0.1163372464795259 0.17217117115815161 0.4287464628562721 0.1220407190837867 0.07084897663649702 0.07867457118710863 0.11455600554478237 0.5320678951355374 0 0.1285575523033719 0.27036435751250343
0.1210742484482221 0.1508910127167933 0.1687724257025074 0.09595335007833712 0.16965796169557265 0.1393770409172632 0.18598287191498805 0.14191418111411183 0.10842062054679599 0.24071739063762818 0.13484476109902074 0.31801759529697826 0.14156348090128087 0.15573263839983328 0.18453325611085666 0.19898716983555928 0.4142228528218476 0.1285575523033719 0 0.17795130420052185
0.13444279939870496 0.2519886773554684 0.18019963960108118 0.1692654532112021 0.2346652863338962 0.258235984624121 0.2978630515460766 0.09596449173246002 0.24867294845663782 0.35906624935876585 0.15297323202638818 0.24253562503633297 0.17782168978975482 0.24738766722441285 0.2837197462460762 0.27147686900079865 0.3334027705454881 0.27036435751250343 0.17795130420052185 0
