0 0.13996761454658346 0.27224729519976826 0.6607847865965967 0.35448035852828136 0.4524436543652297 0.7217095214928659 0.5917574120022437 0.2816251287597043 0.17900825691558486 0.6870334007870883 0.6106159858375744 0.445302497614005 0.12403473458920847 0.4693587115705275 0.7469901204563937 0.2868303237375446 0.2327373340628157 0.30036802303757715 0.7214094465876991
0.13996761454658346 0 0.2948953236518096 0.6509476672450167 0.23769748487770034 0.4495352388986642 0.66949387763498 0.5782048184705311 0.2458369717950689 0.21150627477922904 0.6669076266021903 0.5867957152620317 0.4414150297029224 0.09827644635397442 0.43965778632041186 0.7033486128599712 0.36345043669154053 0.11538024603791125 0.38126214700946653 0.7444345667516956
0.27224729519976826 0.2948953236518096 0 0.4021545927301169 0.33733740268989415 0.2439319613557088 0.5094656117014978 0.3570094681630436 0.2190425298342347 0.1445936924880747 0.44389032742468837 0.36948556320446796 0.3617823338822436 0.21635219020829022 0.34622695072335474 0.44180961874712316 0.25627265885317474 0.21795320286695097 0.2013944106593205 0.5046379652679248
0.6607847865965967 0.6509476672450167 0.4021545927301169 0 0.44895085378702465 0.21737810428418652 0.15799446550985344 0.08448394767694967 0.4387309170065209 0.48943542814913404 0.0695753402811409 0.08802900996417554 0.3415391523337878 0.5973758331019653 0.31404519392953545 0.06986028115918387 0.4162044738825168 0.5618551887885836 0.3302069898269637 0.1105005817518869
0.35448035852828136 0.23769748487770034 0.33733740268989415 0.44895085378702465 0 0.2500912249802299 0.41955541969909793 0.35790351903043094 0.18184075885849435 0.34208203098418355 0.513653567900971 0.362533782091362 0.25169602143371655 0.29024546378440697 0.22761148543849197 0.46694737008065057 0.2809058820289681 0.16282211856924506 0.33576106052956445 0.5029309118467888
0.4524436543652297 0.4495352388986642 0.2439319613557088 0.21737810428418652 0.2500912249802299 0 0.2595119594170366 0.14813498117943813 0.23143445390590725 0.2703113715778899 0.26672166649537704 0.14208801299344753 0.13915284445252654 0.40354092430571104 0.130006455427245 0.28990175927609696 0.1917124179669881 0.36659378705178447 0.13575252850191252 0.2667066633518954
0.7217095214928659 0.66949387763498 0.5094656117014978 0.15799446550985344 0.41955541969909793 0.2595119594170366 0 0.18118190981858184 0.4799446636137992 0.569957998922477 0.14182598181278955 0.14013934311497542 0.2910627158001957 0.7100134744262125 0.2706329386826371 0.21254868841671326 0.4230894941405226 0.5710227272727273 0.36201763119018554 0.08737097643892644
0.5917574120022437 0.5782048184705311 0.3570094681630436 0.08448394767694967 0.35790351903043094 0.14813498117943813 0.18118190981858184 0 0.35294674301673895 0.4154744849194083 0.13275631839604193 0.044308710970688656 0.2707656503800502 0.5202899066124592 0.24366193973586245 0.13885417968207703 0.34396943826045917 0.4698654769025403 0.2670454634148417 0.1415946154183477
0.2816251287597043 0.2458369717950689 0.2190425298342347 0.4387309170065209 0.18184075885849435 0.23143445390590725 0.4799446636137992 0.35294674301673895 0 0.1485562705416415 0.5045282869350889 0.34928937246412456 0.24412402793499596 0.19413762267372606 0.24250615545880683 0.4859340840412241 0.14888750009563953 0.19015446645214296 0.21518693900702204 0.4932724343055264
0.17900825691558486 0.21150627477922904 0.1445936924880747 0.48943542814913404 0.34208203098418355 0.2703113715778899 0.569957998922477 0.4154744849194083 0.1485562705416415 0 0.5522580908414924 0.42102783481614325 0.30529743159602646 0.13677487086106424 0.3170690188142853 0.569057797668784 0.16302935756657888 0.21883020540078488 0.2034093899976344 0.5647579191196773
0.6870334007870883 0.6669076266021903 0.44389032742468837 0.0695753402811409 0.513653567900971 0.26672166649537704 0.14182598181278955 0.13275631839604193 0.5045282869350889 0.5522580908414924 0 0.13727928217852356 0.3618720160570112 0.6311657471233951 0.3407248560416023 0.09381867082959548 0.44527914261897017 0.6197474433491748 0.35035200866007055 0.07300845744397165
0.6106159858375744 0.5867957152620317 0.36948556320446796 0.08802900996417554 0.362533782091362 0.14208801299344753 0.14013934311497542 0.044308710970688656 0.34928937246412456 0.42102783481614325 0.13727928217852356 0 0.25078651717554473 0.5469937181171045 0.2237701574115428 0.1586897735800057 0.3236379498859535 0.4765814280580982 0.27754032655733113 0.1241077490882802
0.445302497614005 0.4414150297029224 0.3617823338822436 0.3415391523337878 0.25169602143371655 0.13915284445252654 0.2910627158001957 0.2707656503800502 0.24412402793499596 0.30529743159602646 0.3618720160570112 0.25078651717554473 0 0.45528175931732967 0.0360285948638303 0.4166666666666667 0.1538632933596518 0.31446397461124664 0.15377233071891414 0.3489435020324781
0.12403473458920847 0.09827644635397442 0.21635219020829022 0.5973758331019653 0.29024546378440697 0.40354092430571104 0.7100134744262125 0.5202899066124592 0.19413762267372606 0.13677487086106424 0.6311657471233951 0.5469937181171045 0.45528175931732967 0 0.46524064171123 0.6810941981755233 0.29411764705882354 0.11577879729738484 0.317459268645234 0.7081617104577677
0.4693587115705275 0.43965778632041186 0.34622695072335474 0.31404519392953545 0.22761148543849197 0.130006455427245 0.2706329386826371 0.24366193973586245 0.24250615545880683 0.3170690188142853 0.3407248560416023 0.2237701574115428 0.0360285948638303 0.46524064171123 0 0.38854367010013074 0.16818181818181818 0.32565418076191704 0.16458795415969882 0.3278677347612296
0.7469901204563937 0.7033486128599712 0.44180961874712316 0.06986028115918387 0.46694737008065057 0.28990175927609696 0.21254868841671326 0.13885417968207703 0.4859340840412241 0.569057797668784 0.09381867082959548 0.1586897735800057 0.4166666666666667 0.6810941981755233 0.38854367010013074 0 0.493450461027166 0.5759054891713103 0.40504133732487874 0.16420870683881322
0.2868303237375446 0.36345043669154053 0.25627265885317474 0.4162044738825168 0.2809058820289681 0.1917124179669881 0.4230894941405226 0.34396943826045917 0.14888750009563953 0.16302935756657888 0.44527914261897017 0.3236379498859535 0.1538632933596518 0.29411764705882354 0.16818181818181818 0.493450461027166 0 0.3490344809191829 0.0910999567928524 0.43261608851945343
0.2327373340628157 0.11538024603791125 0.21795320286695097 0.5618551887885836 0.16282211856924506 0.36659378705178447 0.5710227272727273 0.4698654769025403 0.19015446645214296 0.21883020540078488 0.6197474433491748 0.4765814280580982 0.31446397461124664 0.11577879729738484 0.32565418076191704 0.5759054891713103 0.3490344809191829 0 0.36194197442295667 0.6212059761557236
0.30036802303757715 0.38126214700946653 0.2013944106593205 0.3302069898269637 0.33576106052956445 0.13575252850191252 0.36201763119018554 0.2670454634148417 0.21518693900702204 0.2034093899976344 0.35035200866007055 0.27754032655733113 0.15377233071891414 0.317459268645234 0.16458795415969882 0.40504133732487874 0.0910999567928524 0.36194197442295667 0 0.37254712131885676
0.7214094465876991 0.7444345667516956 0.5046379652679248 0.1105005817518869 0.5029309118467888 0.2667066633518954 0.08737097643892644 0.1415946154183477 0.4932724343055264 0.5647579191196773 0.07300845744397165 0.1241077490882802 0.3489435020324781 0.7081617104577677 0.3278677347612296 0.16420870683881322 0.43261608851945343 0.6212059761557236 0.37254712131885676 0
