0 0.4454097835101845 0.747930740287322 0.6933637108467534 0.5456026649341047 0.5932893875988485 0.7672129440002684 0.2313307645664268 0.6408280629282297 0.7483832703767802 0.7277094426849319 0.4853023530421795 0.07247262235217954 0.34940308181025403 0.5851721620718321 0.5032196082827126 0.7543534420685992 1.434634728359919 0.6181507450955712 0.2794311031676632
0.4454097835101845 0 0.3173333511972427 0.2634684068285468 0.2048783924275734 0.1903788141321175 0.31927145912791766 0.2259194653923554 0.19657191529037135 0.2789324766324913 0.30625594089858876 0.07443458379154567 0.4716756887982516 0.12027137410991175 0.19033852927470887 0.09776474334756885 0.3156561567849242 2.2208540211824506 0.22813279764099464 0.19100611229339165
0.747930740287322 0.3173333511972427 0 0.1734509319770929 0.16449766629135204 0.15592067781385904 0.024470431975594578 0.5356317174048264 0.1320553104606332 0.09520285399882127 0.10925643887032345 0.27543781509358667 0.8079350625038381 0.42234242707936087 0.20199350305976688 0.2808803247747411 0.09870882144052992 2.855818573012786 0.12032415259807983 0.5034791333094001
0.6933637108467534 0.2634684068285468 0.1734509319770929 0 0.13465677773710003 0.09060640891356853 0.1695380207001546 0.4411058133910641 0.07807439589042157 0.08475205658243727 0.06829707725054811 0.18558351497736378 0.7789576923085257 0.3623307517764502 0.2232484158639051 0.18092228264460924 0.09210023648310171 2.938978900775073 0.16987142818372494 0.3791570374038646
0.5456026649341047 0.2048783924275734 0.16449766629135204 0.13465677773710003 0 0.0560219150799075 0.17807624844099024 0.3737187084312084 0.14779996369286796 0.18257840052822016 0.16528660669054557 0.12338988168593562 0.6152682046574741 0.2845841990724123 0.09503969565032445 0.16254366425412548 0.18577342747374226 2.546898418793151 0.068281123409359 0.349598589788978
0.5932893875988485 0.1903788141321175 0.15592067781385904 0.09060640891356853 0.0560219150799075 0 0.15834102311135442 0.3506859538251037 0.09326306998149912 0.137086724051013 0.12121036949153026 0.11296126326142755 0.664766282254134 0.265971248295885 0.1445006441442278 0.13394234586935208 0.14138244201235553 2.659880308079144 0.12054195638131185 0.32797879829221943
0.7672129440002684 0.31927145912791766 0.024470431975594578 0.1695380207001546 0.17807624844099024 0.15834102311135442 0 0.5294000798225105 0.13460627676260425 0.09717278621658165 0.10589143107898195 0.27157152332126044 0.7989648411353046 0.41707153517312384 0.2105991410185713 0.2826963151925934 0.10056592659229747 2.8840372960091134 0.13403207919928337 0.49760362273391284
0.2313307645664268 0.2259194653923554 0.5356317174048264 0.4411058133910641 0.3737187084312084 0.3506859538251037 0.5294000798225105 0 0.4200376041952702 0.49294040199208855 0.47268777174347737 0.24359946854371167 0.2902958363642154 0.11730806978986526 0.39066026289717015 0.2687590657364231 0.4958577142089698 1.8340094602657948 0.44090442879768704 0.058909857897453996
0.6408280629282297 0.19657191529037135 0.1320553104606332 0.07807439589042157 0.14779996369286796 0.09326306998149912 0.13460627676260425 0.4200376041952702 0 0.09874028804815055 0.13888274974278336 0.1565986549051117 0.6811716964587533 0.3165870069492677 0.14367934733733442 0.17057078778476648 0.14865250544474115 2.7007895769852417 0.12707771630956904 0.3636891144900752
0.7483832703767802 0.2789324766324913 0.09520285399882127 0.08475205658243727 0.18257840052822016 0.137086724051013 0.09717278621658165 0.49294040199208855 0.09874028804815055 0 0.07107657639230437 0.2348460596981035 0.796405735165659 0.3914565388340729 0.23867488436554446 0.24618609031002647 0.05841687351608906 2.978361849050236 0.13939659258908174 0.435818047891283
0.7277094426849319 0.30625594089858876 0.10925643887032345 0.06829707725054811 0.16528660669054557 0.12121036949153026 0.10589143107898195 0.47268777174347737 0.13888274974278336 0.07107657639230437 0 0.22712414856328997 0.8142984844620023 0.3935858376685016 0.2538719798277803 0.2273818833683933 0.028463235063420158 3.0203278364311648 0.1545019579817836 0.4373153812268007
0.4853023530421795 0.07443458379154567 0.27543781509358667 0.18558351497736378 0.12338988168593562 0.11296126326142755 0.27157152332126044 0.24359946854371167 0.1565986549051117 0.2348460596981035 0.22712414856328997 0 0.5523114730391651 0.16833352583562497 0.21701688830926322 0.058653248523342395 0.24218228492059107 2.394653591861395 0.1853251872987585 0.20952517136920693
0.07247262235217954 0.4716756887982516 0.8079350625038381 0.7789576923085257 0.6152682046574741 0.664766282254134 0.7989648411353046 0.2902958363642154 0.6811716964587533 0.796405735165659 0.8142984844620023 0.5523114730391651 0 0.3717719024040405 0.636055735874213 0.5824723242539478 0.8421578783271961 1.3045451257138734 0.6923837375670098 0.35355688253034545
0.34940308181025403 0.12027137410991175 0.42234242707936087 0.3623307517764502 0.2845841990724123 0.265971248295885 0.41707153517312384 0.11730806978986526 0.3165870069492677 0.3914565388340729 0.3935858376685016 0.16833352583562497 0.3717719024040405 0 0.2691035409446478 0.19271082699851608 0.4160135809785815 2.0094885879536535 0.32491017458512583 0.1298262587181133
0.5851721620718321 0.19033852927470887 0.20199350305976688 0.2232484158639051 0.09503969565032445 0.1445006441442278 0.2105991410185713 0.39066026289717015 0.14367934733733442 0.23867488436554446 0.2538719798277803 0.21701688830926322 0.636055735874213 0.2691035409446478 0 0.2670262935593573 0.27495455215935494 2.3141571866367587 0.11113867644827462 0.3652549620780136
0.5032196082827126 0.09776474334756885 0.2808803247747411 0.18092228264460924 0.16254366425412548 0.13394234586935208 0.2826963151925934 0.2687590657364231 0.17057078778476648 0.24618609031002647 0.2273818833683933 0.058653248523342395 0.5824723242539478 0.19271082699851608 0.2670262935593573 0 0.24753612115029044 2.4721381912157008 0.23086252904397647 0.22549181991052544
0.7543534420685992 0.3156561567849242 0.09870882144052992 0.09210023648310171 0.18577342747374226 0.14138244201235553 0.10056592659229747 0.4958577142089698 0.14865250544474115 0.05841687351608906 0.028463235063420158 0.24218228492059107 0.8421578783271961 0.4160135809785815 0.27495455215935494 0.24753612115029044 0 3.0922136638717808 0.17488072136127217 0.4528311391402029
1.434634728359919 2.2208540211824506 2.855818573012786 2.938978900775073 2.546898418793151 2.659880308079144 2.8840372960091134 1.8340094602657948 2.7007895769852417 2.978361849050236 3.0203278364311648 2.394653591861395 1.3045451257138734 2.0094885879536535 2.3141571866367587 2.4721381912157008 3.0922136638717808 0 2.5697664162489375 1.96894349738105
0.6181507450955712 0.22813279764099464 0.12032415259807983 0.16987142818372494 0.068281123409359 0.12054195638131185 0.13403207919928337 0.44090442879768704 0.12707771630956904 0.13939659258908174 0.1545019579817836 0.1853251872987585 0.6923837375670098 0.32491017458512583 0.11113867644827462 0.23086252904397647 0.17488072136127217 2.5697664162489375 0 0.4132961018078445
0.2794311031676632 0.19100611229339165 0.5034791333094001 0.3791570374038646 0.349598589788978 0.32797879829221943 0.49760362273391284 0.058909857897453996 0.3636891144900752 0.435818047891283 0.4373153812268007 0.20952517136920693 0.35355688253034545 0.1298262587181133 0.3652549620780136 0.22549181991052544 0.4528311391402029 1.96894349738105 0.4132961018078445 0
