0 0.9291114565834103 0.08993875008265757 1.0105735239558404 0.6718632762975963 0.7566275220348463 0.7680748820201347 0.31770535485959306 0.7932256874236934 1.041866905818655 1.1035211756920869 0.984843075431881 0.8363849940228416 1.1206310514564426 0.8795410230686854 0.47563766687519476 0.8756372994253446 1.1080090413306978 0.2714737592572808 0.7165653260286997
0.9291114565834103 0 0.8780029275222766 0.05447234858867879 0.22530934611884484 0.20123291424013492 0.1290173419026185 1.0326425862322715 0.14920333415814033 0.11040675465516171 0.13076845095012357 0.09206163895207548 0.0780314482200682 2.9931794504755 0.15982030318158774 0.4021709510155117 0.1049229986582135 0.12663075864930035 0.6168457113411965 0.2267131859299644
0.08993875008265757 0.8780029275222766 0 0.9576204164509969 0.6248392322317367 0.6975138695020134 0.7195801547789125 0.30717074198936906 0.7320634017601189 0.9789450103725609 1.0491479697595534 0.9233330605992399 0.7763057042071516 1.2640514574005766 0.8182871265700674 0.4306684073244155 0.8152468860733837 1.0441484546860857 0.2274758319767105 0.6572766713651852
1.0105735239558404 0.05447234858867879 0.9576204164509969 0 0.2822032986622811 0.24346355940767522 0.18536027228299798 1.120946804772838 0.18967758365524073 0.0761386987626881 0.09344102576728644 0.07097184494719114 0.13260135823061384 3.189912769694631 0.19612959802632535 0.46354760848994075 0.14723806373002832 0.08894426374397893 0.6768976636316646 0.26481357066618805
0.6718632762975963 0.22530934611884484 0.6248392322317367 0.2822032986622811 0 0.14201530678867044 0.16382263703998018 0.7552632224670202 0.10912564759725485 0.29070094986690553 0.3567620065553265 0.2600252402400235 0.16875930119507743 2.415290202142049 0.2009060278431717 0.18280093920644488 0.17548956828451726 0.344738519501866 0.3834311419110152 0.09436653624139757
0.7566275220348463 0.20123291424013492 0.6975138695020134 0.24346355940767522 0.14201530678867044 0 0.16218044503816784 0.8461538461538461 0.08184223449406045 0.21712317815678234 0.26672157404956015 0.1781357430261323 0.15469224356535458 2.5908064587129767 0.08928938462892451 0.25896166508620716 0.11178511309746836 0.26412156162429296 0.4518899390815057 0.06796471244559606
0.7680748820201347 0.1290173419026185 0.7195801547789125 0.18536027228299798 0.16382263703998018 0.16218044503816784 0 0.8589556903873333 0.10769689606017815 0.2304266844150105 0.26133929318814614 0.2113937979951756 0.08850931321703404 2.63000394138627 0.21527067476698758 0.3247336398839977 0.168830682890377 0.25854194846500805 0.48652840976389633 0.16934640869206552
0.31770535485959306 1.0326425862322715 0.30717074198936906 1.120946804772838 0.7552632224670202 0.8461538461538461 0.8589556903873333 0 0.8866242070189883 1.1547005383792515 1.2211209455399425 1.0926495223645158 0.9323723407620916 1.2587655622635776 0.9793929376485158 0.5445811486371709 0.9747116568864619 1.2262786789699316 0.3461446503065405 0.8032193289024988
0.7932256874236934 0.14920333415814033 0.7320634017601189 0.18967758365524073 0.10912564759725485 0.08184223449406045 0.10769689606017815 0.8866242070189883 0 0.20475708983698052 0.2661391356521842 0.16965515907625495 0.10373821330505127 2.7026556987687047 0.12864496099297967 0.2770226817278579 0.08380149816815742 0.2536912843094019 0.4770106371256983 0.09811895429806916
1.041866905818655 0.11040675465516171 0.9789450103725609 0.0761386987626881 0.29070094986690553 0.21712317815678234 0.2304266844150105 1.1547005383792515 0.20475708983698052 0 0.07156525855956467 0.04393920866735805 0.14777011582226215 3.260547935471302 0.15823369868797385 0.47638495872919123 0.13415051398648173 0.07079923254047887 0.6966085216579905 0.2576327198667601
1.1035211756920869 0.13076845095012357 1.0491479697595534 0.09344102576728644 0.3567620065553265 0.26672157404956015 0.26133929318814614 1.2211209455399425 0.2661391356521842 0.07156525855956467 0 0.10620952978256909 0.2072577159401391 3.3973251510295834 0.21655192643360452 0.5403586977940116 0.18808743823581242 0.04621711666540848 0.7657522056520291 0.3172554592011962
0.984843075431881 0.09206163895207548 0.9233330605992399 0.07097184494719114 0.2600252402400235 0.1781357430261323 0.2113937979951756 1.0926495223645158 0.16965515907625495 0.04393920866735805 0.10620952978256909 0 0.1335682687662318 3.115848301554149 0.11594588844867375 0.4424422115427734 0.10173308430711578 0.10599152101746433 0.6503036334688028 0.22268406975145458
0.8363849940228416 0.0780314482200682 0.7763057042071516 0.13260135823061384 0.16875930119507743 0.15469224356535458 0.08850931321703404 0.9323723407620916 0.10373821330505127 0.14777011582226215 0.2072577159401391 0.1335682687662318 0 2.7764286682233745 0.12997759013582916 0.32221007932825335 0.0933093498968293 0.19504177263410222 0.5293950270591913 0.16152734008188177
1.1206310514564426 2.9931794504755 1.2640514574005766 3.189912769694631 2.415290202142049 2.5908064587129767 2.63000394138627 1.2587655622635776 2.7026556987687047 3.260547935471302 3.3973251510295834 3.115848301554149 2.7764286682233745 0 2.887700779075575 2.0009189065497472 2.865055446857502 3.4167736397460047 1.5988552242679803 2.50853382187362
0.8795410230686854 0.15982030318158774 0.8182871265700674 0.19612959802632535 0.2009060278431717 0.08928938462892451 0.21527067476698758 0.9793929376485158 0.12864496099297967 0.15823369868797385 0.21655192643360452 0.11594588844867375 0.12997759013582916 2.887700779075575 0 0.34479769273649247 0.0848556189331808 0.22685719469028603 0.5553333300703528 0.13402480575205494
0.47563766687519476 0.4021709510155117 0.4306684073244155 0.46354760848994075 0.18280093920644488 0.25896166508620716 0.3247336398839977 0.5445811486371709 0.2770226817278579 0.47638495872919123 0.5403586977940116 0.4424422115427734 0.32221007932825335 2.0009189065497472 0.34479769273649247 0 0.34743900678366724 0.5281756171292405 0.21739145443842903 0.2226855805955711
0.8756372994253446 0.1049229986582135 0.8152468860733837 0.14723806373002832 0.17548956828451726 0.11178511309746836 0.168830682890377 0.9747116568864619 0.08380149816815742 0.13415051398648173 0.18808743823581242 0.10173308430711578 0.0933093498968293 2.865055446857502 0.0848556189331808 0.34743900678366724 0 0.17603039629390765 0.5552495598818848 0.13949983601080562
1.1080090413306978 0.12663075864930035 1.0441484546860857 0.08894426374397893 0.344738519501866 0.26412156162429296 0.25854194846500805 1.2262786789699316 0.2536912843094019 0.07079923254047887 0.04621711666540848 0.10599152101746433 0.19504177263410222 3.4167736397460047 0.22685719469028603 0.5281756171292405 0.17603039629390765 0 0.7531307102884764 0.3053409286465981
0.2714737592572808 0.6168457113411965 0.2274758319767105 0.6768976636316646 0.3834311419110152 0.4518899390815057 0.48652840976389633 0.3461446503065405 0.4770106371256983 0.6966085216579905 0.7657522056520291 0.6503036334688028 0.5293950270591913 1.5988552242679803 0.5553333300703528 0.21739145443842903 0.5552495598818848 0.7531307102884764 0 0.4146619956659938
0.7165653260286997 0.2267131859299644 0.6572766713651852 0.26481357066618805 0.09436653624139757 0.06796471244559606 0.16934640869206552 0.8032193289024988 0.09811895429806916 0.2576327198667601 0.3172554592011962 0.22268406975145458 0.16152734008188177 2.50853382187362 0.13402480575205494 0.2226855805955711 0.13949983601080562 0.3053409286465981 0.4146619956659938 0
