0 0.9227765894575353 0.8025426314686811 1.0223998837285944 0.39477101697586137 0.5588520682777234 0.7455777916396407 1.07854777646725 0.15328483487124145 1.0352010222476526 0.2806804457119199 0.6351073488299558 0.6374552583116766 0.7133922984085065 0.8632090535495269 0.38609367125267213 0.6895927497223758 1.0663222727528345 0.7748062179181807 0.8739958498000606
0.9227765894575353 0 0.20119570447339852 0.0692154444674439 0.4718216950434318 0.3241969292376822 0.1964364872777486 0.11393832171071988 0.7249791782804239 0.08513490737313283 0.6104916931787331 0.2462620091872674 0.2646198719761636 0.23842149429143045 0.08400517883183573 1.3737845892559681 0.1929392605616887 0.12831219339088443 0.13677581725976357 0.0770308716440435
0.8025426314686811 0.20119570447339852 0 0.21956350224962076 0.4580123469049228 0.2233649359452261 0.23985080590006172 0.23570729499358323 0.6339864319157544 0.23029533159551835 0.548454318095348 0.22622586437282088 0.13623731522826654 0.07948134805723425 0.12953607246258692 1.2259544962507665 0.15595785265810924 0.2064840403390264 0.1848469324326267 0.1369464357239678
1.0223998837285944 0.0692154444674439 0.21956350224962076 0 0.5425388961174102 0.39747498408948095 0.24645841978241154 0.06476616959321166 0.8140271537701089 0.036295043887187045 0.6948221677123256 0.3101587805330603 0.30579556726961993 0.2622253483257729 0.12640028341437434 1.5017363435758408 0.2622610875820792 0.0737338586836518 0.20932080926713992 0.11858924980337532
0.39477101697586137 0.4718216950434318 0.4580123469049228 0.5425388961174102 0 0.2858013673178282 0.3224496323956639 0.5947839461382024 0.24709234144214595 0.5607184791343272 0.14219911474863028 0.2468044431429066 0.3394638275806278 0.40638224752131885 0.4170533775056465 0.755742181606458 0.29113617771174155 0.5840250605220888 0.34440130509794536 0.4291152992020086
0.5588520682777234 0.3241969292376822 0.2233649359452261 0.39747498408948095 0.2858013673178282 0 0.3252040514495615 0.4412466234885383 0.4361053301991404 0.40889292735749727 0.34794144379215997 0.1411657606990918 0.08501257932252053 0.1487899492526384 0.2682900596414425 0.9317308381457745 0.1362455727859447 0.4304654148110224 0.27096957503131636 0.28149906428446286
0.7455777916396407 0.1964364872777486 0.23985080590006172 0.24645841978241154 0.3224496323956639 0.3252040514495615 0 0.2866280177038063 0.5619514869490164 0.2573626773971494 0.4430380116181478 0.20548157121133764 0.26033726498702336 0.2326020635076529 0.20683507599800768 1.1549619898800276 0.17881286377186614 0.32038630202404644 0.09786344578900982 0.21271248256305977
1.07854777646725 0.11393832171071988 0.23570729499358323 0.06476616959321166 0.5947839461382024 0.4412466234885383 0.2866280177038063 0 0.864910882682252 0.044417770071518314 0.7509760713285701 0.35751859933740576 0.348286172773717 0.2834733547569204 0.17262317807845828 1.5725351983290088 0.30446263673491447 0.04580686551308973 0.25059737241679325 0.1594479474699133
0.15328483487124145 0.7249791782804239 0.6339864319157544 0.8140271537701089 0.24709234144214595 0.4361053301991404 0.5619514869490164 0.864910882682252 0 0.8260331876309022 0.13652967031818755 0.47134750731516417 0.4958895368411578 0.5747706194688598 0.668329851434186 0.5109405634161495 0.5097287119334031 0.8534794505918812 0.5877538136452587 0.6794569659918022
1.0352010222476526 0.08513490737313283 0.23029533159551835 0.036295043887187045 0.5607184791343272 0.40889292735749727 0.2573626773971494 0.044417770071518314 0.8260331876309022 0 0.7066217581259129 0.3159993152316801 0.3171675237082733 0.26824846102467254 0.1428040814792187 1.5171125320102687 0.2737049206018113 0.07255404082248097 0.2108755426039124 0.1301561262270213
0.2806804457119199 0.6104916931787331 0.548454318095348 0.6948221677123256 0.14219911474863028 0.34794144379215997 0.4430380116181478 0.7509760713285701 0.13652967031818755 0.7066217581259129 0 0.37435064886346636 0.41748286072343294 0.47213368521878024 0.563116775902588 0.6068660849090083 0.4114840185256464 0.7323310109030776 0.4673139768305421 0.5572783165762039
0.6351073488299558 0.2462620091872674 0.22622586437282088 0.3101587805330603 0.2468044431429066 0.1411657606990918 0.20548157121133764 0.35751859933740576 0.47134750731516417 0.3159993152316801 0.37435064886346636 0 0.10332173664634446 0.15301409312053074 0.19125358378959173 1.0191579192893159 0.07096661947545745 0.3470036551791729 0.14352482751803602 0.19855498436319172
0.6374552583116766 0.2646198719761636 0.13623731522826654 0.30579556726961993 0.3394638275806278 0.08501257932252053 0.26033726498702336 0.348286172773717 0.4958895368411578 0.3171675237082733 0.41748286072343294 0.10332173664634446 0 0.06980898471528259 0.1856668325454679 1.0408716773124533 0.08547476863413764 0.33756997551928847 0.21105794120443452 0.19315704664870698
0.7133922984085065 0.23842149429143045 0.07948134805723425 0.2622253483257729 0.40638224752131885 0.1487899492526384 0.2326020635076529 0.2834733547569204 0.5747706194688598 0.26824846102467254 0.47213368521878024 0.15301409312053074 0.06980898471528259 0 0.16311357132900617 1.1162416509613684 0.09397878236968457 0.2726855425957872 0.1799621172257196 0.1646986172308878
0.8632090535495269 0.08400517883183573 0.12953607246258692 0.12640028341437434 0.4170533775056465 0.2682900596414425 0.20683507599800768 0.17262317807845828 0.668329851434186 0.1428040814792187 0.563116775902588 0.19125358378959173 0.1856668325454679 0.16311357132900617 0 1.3037111908318535 0.13617120698553187 0.15706826223054854 0.13093780631780397 0.02605050147828277
0.38609367125267213 1.3737845892559681 1.2259544962507665 1.5017363435758408 0.755742181606458 0.9317308381457745 1.1549619898800276 1.5725351983290088 0.5109405634161495 1.5171125320102687 0.6068660849090083 1.0191579192893159 1.0408716773124533 1.1162416509613684 1.3037111908318535 0 1.087176868672277 1.5577848471240248 1.1931126462163013 1.3147592640148822
0.6895927497223758 0.1929392605616887 0.15595785265810924 0.2622610875820792 0.29113617771174155 0.1362455727859447 0.17881286377186614 0.30446263673491447 0.5097287119334031 0.2737049206018113 0.4114840185256464 0.07096661947545745 0.08547476863413764 0.09397878236968457 0.13617120698553187 1.087176868672277 0 0.29368960475973815 0.13207951364405449 0.15625586700618443
1.0663222727528345 0.12831219339088443 0.2064840403390264 0.0737338586836518 0.5840250605220888 0.4304654148110224 0.32038630202404644 0.04580686551308973 0.8534794505918812 0.07255404082248097 0.7323310109030776 0.3470036551791729 0.33756997551928847 0.2726855425957872 0.15706826223054854 1.5577848471240248 0.29368960475973815 0 0.24960622029557267 0.14859419411819724
0.7748062179181807 0.13677581725976357 0.1848469324326267 0.20932080926713992 0.34440130509794536 0.27096957503131636 0.09786344578900982 0.25059737241679325 0.5877538136452587 0.2108755426039124 0.4673139768305421 0.14352482751803602 0.21105794120443452 0.1799621172257196 0.13093780631780397 1.1931126462163013 0.13207951364405449 0.24960622029557267 0 0.14421095829454836
0.8739958498000606 0.0770308716440435 0.1369464357239678 0.11858924980337532 0.4291152992020086 0.28149906428446286 0.21271248256305977 0.1594479474699133 0.6794569659918022 0.1301561262270213 0.5572783165762039 0.19855498436319172 0.19315704664870698 0.1646986172308878 0.02605050147828277 1.3147592640148822 0.15625586700618443 0.14859419411819724 0.14421095829454836 0
